0013
0113
0271
0489
0918
1608
0175
0125
0215
0044
0146
0143
0193
0166
0098
0079
0043
0130
0203
0106
0016
0244
0292
0219
0188
0130
0164
0183
0311
0296
0317
0743
0368
0587
0347
0304
0535
0691
1086
1734
0484
0776
0108
0405
0377
0531
0619
0469
1337
1482
0268
0460
0121
0222
0234
0381
0169
0136
0158
0157
0126
0221
0247
0501
0385
0501
0247
0221
0126
0157
0158
0136
0169
0381
0234
0222
0121
0460
0268
1482
1337
0469
0619
0531
0377
0405
0108
0776
0484
1734
1086
0691
0535
0304
0347
0587
0368
0743
0317
0296
0311
0183
0164
0130
0188
0219
0292
0244
0016
0106
0203
0130
0043
0079
0098
0166
0193
0143
0146
0044
0215
0125
0175
1608
0918
0489
0271
0113
0144
0064
0146
0170
0971
1491
0499
0320
0205
0094
0184
0220
0172
0134
0094
0164
0182
0195
0168
0078
0157
0237
0211
0173
0049
0159
0102
0119
0161
0315
0468
0442
0294
0229
0083
0296
0353
0691
1024
0722
0093
0562
0283
0309
0328
0399
0642
0409
1461
1244
0522
0085
0181
0147
0188
0262
0114
0058
0147
0232
0116
0065
0216
0327
0532
0327
0216
0065
0116
0232
0147
0058
0114
0262
0188
0147
0181
0085
0522
1244
1461
0409
0642
0399
0328
0309
0283
0562
0093
0722
1024
0691
0353
0296
0083
0229
0294
0442
0468
0315
0161
0119
0102
0159
0049
0173
0211
0237
0157
0078
0168
0195
0182
0164
0094
0134
0172
0220
0184
0094
0205
0320
0499
1491
0971
0170
0146
0064
0137
0037
0124
0256
0877
1629
0306
0334
0250
0108
0151
0084
0046
0109
0135
0153
0242
0203
0087
0049
0092
0238
0220
0173
0058
0242
0138
0317
0301
0332
0390
0203
0100
0054
0229
0207
0389
0332
1385
1221
0560
0067
0643
0409
0421
0399
0612
0457
1391
1536
0294
0477
0342
0150
0116
0169
0191
0025
0089
0200
0190
0238
0276
0404
0434
0404
0276
0238
0190
0200
0089
0025
0191
0169
0116
0150
0342
0477
0294
1536
1391
0457
0612
0399
0421
0409
0643
0067
0560
1221
1385
0332
0389
0207
0229
0054
0100
0203
0390
0332
0301
0317
0138
0242
0058
0173
0220
0238
0092
0049
0087
0203
0242
0153
0135
0109
0046
0084
0151
0108
0250
0334
0306
1629
0877
0256
0124
0037
0660
0558
0334
0381
1122
1513
0352
0348
0417
0361
0090
0534
0565
0428
0497
0195
0304
0331
0499
0404
0471
0217
0595
0499
0284
0333
0337
0348
0468
0616
0354
0572
0268
0645
0371
0136
0257
0214
1154
1319
0273
0283
0474
0939
0624
0681
0614
0942
0823
1963
0417
0182
0445
0227
0431
0583
0408
0522
0510
0463
0241
0779
0700
0580
1030
0580
0700
0779
0241
0463
0510
0522
0408
0583
0431
0227
0445
0182
0417
1963
0823
0942
0614
0681
0624
0939
0474
0283
0273
1319
1154
0214
0257
0136
0371
0645
0268
0572
0354
0616
0468
0348
0337
0333
0284
0499
0595
0217
0471
0404
0499
0331
0304
0195
0497
0428
0565
0534
0090
0361
0417
0348
0352
1513
1122
0381
0334
0558
0038
0456
0416
0120
0748
1664
0597
0393
0103
0222
0124
0281
0280
0231
0264
0201
0133
0233
0096
0110
0080
0110
0236
0456
0274
0278
0487
0477
0115
0414
0438
0226
0477
0244
0371
0430
0096
0352
1058
1314
0574
0571
0199
0281
0180
0134
0563
0632
1066
1204
0257
0121
0402
0113
0337
0056
0278
0216
0258
0117
0246
0242
0436
0708
0168
0708
0436
0242
0246
0117
0258
0216
0278
0056
0337
0113
0402
0121
0257
1204
1066
0632
0563
0134
0180
0281
0199
0571
0574
1314
1058
0352
0096
0430
0371
0244
0477
0226
0438
0414
0115
0477
0487
0278
0274
0456
0236
0110
0080
0110
0096
0233
0133
0201
0264
0231
0280
0281
0124
0222
0103
0393
0597
1664
0748
0120
0416
0456
0237
0162
0155
0465
0976
1336
0475
0204
0082
0284
0056
0233
0115
0159
0152
0135
0185
0309
0202
0236
0154
0199
0392
0326
0340
0228
0091
0166
0341
0418
0650
0400
0165
0293
0304
0506
0231
0677
1077
0769
0060
0300
0534
0558
0397
0301
0921
0844
0815
0790
0510
0237
0323
0433
0157
0170
0023
0463
0182
0322
0174
0273
0362
0186
0283
0186
0362
0273
0174
0322
0182
0463
0023
0170
0157
0433
0323
0237
0510
0790
0815
0844
0921
0301
0397
0558
0534
0300
0060
0769
1077
0677
0231
0506
0304
0293
0165
0400
0650
0418
0341
0166
0091
0228
0340
0326
0392
0199
0154
0236
0202
0309
0185
0135
0152
0159
0115
0233
0056
0284
0082
0204
0475
1336
0976
0465
0155
0162
0281
0216
0582
0355
1295
1297
0458
0198
0121
0104
0148
0091
0233
0180
0144
0086
0116
0046
0150
0140
0311
0378
0243
0183
0116
0075
0012
0203
0188
0389
0421
0272
0132
0332
0094
0374
0034
0465
0709
0731
0617
0736
0352
0655
0460
0679
0536
0403
1155
1365
0211
0231
0411
0331
0328
0171
0219
0066
0215
0203
0075
0142
0210
0119
0157
0119
0210
0142
0075
0203
0215
0066
0219
0171
0328
0331
0411
0231
0211
1365
1155
0403
0536
0679
0460
0655
0352
0736
0617
0731
0709
0465
0034
0374
0094
0332
0132
0272
0421
0389
0188
0203
0012
0075
0116
0183
0243
0378
0311
0140
0150
0046
0116
0086
0144
0180
0233
0091
0148
0104
0121
0198
0458
1297
1295
0355
0582
0216
0357
0113
0209
0140
0981
1218
0460
0131
0064
0029
0158
0314
0227
0249
0120
0183
0202
0302
0203
0317
0275
0056
0152
0092
0157
0111
0239
0388
0324
0517
0258
0159
0292
0281
0177
0140
0270
0406
1058
0723
0200
0661
0214
0704
0510
0516
0568
0383
0906
1399
0389
0225
0268
0103
0268
0049
0225
0102
0282
0117
0092
0084
0273
0151
0420
0151
0273
0084
0092
0117
0282
0102
0225
0049
0268
0103
0268
0225
0389
1399
0906
0383
0568
0516
0510
0704
0214
0661
0200
0723
1058
0406
0270
0140
0177
0281
0292
0159
0258
0517
0324
0388
0239
0111
0157
0092
0152
0056
0275
0317
0203
0302
0202
0183
0120
0249
0227
0314
0158
0029
0064
0131
0460
1218
0981
0140
0209
0113
0213
0106
0260
0240
0989
1339
0573
0314
0113
0116
0157
0188
0251
0147
0034
0120
0118
0114
0026
0172
0215
0205
0094
0068
0023
0150
0100
0082
0318
0383
0410
0334
0413
0480
0207
0036
0234
0433
0756
0714
0214
0373
0155
0398
0181
0375
0592
0595
1247
1326
0607
0197
0315
0251
0075
0162
0162
0101
0177
0242
0269
0198
0252
0395
0349
0395
0252
0198
0269
0242
0177
0101
0162
0162
0075
0251
0315
0197
0607
1326
1247
0595
0592
0375
0181
0398
0155
0373
0214
0714
0756
0433
0234
0036
0207
0480
0413
0334
0410
0383
0318
0082
0100
0150
0023
0068
0094
0205
0215
0172
0026
0114
0118
0120
0034
0147
0251
0188
0157
0116
0113
0314
0573
1339
0989
0240
0260
0106
0134
0216
0293
0505
1040
1040
0481
0163
0245
0152
0170
0140
0085
0089
0053
0049
0062
0056
0088
0116
0132
0232
0205
0086
0132
0150
0276
0162
0212
0300
0383
0629
0550
0296
0178
0152
0105
0542
0665
0621
0161
0220
0135
0222
0223
0157
0419
0668
1203
1069
0449
0213
0302
0169
0261
0209
0121
0099
0178
0065
0110
0117
0098
0091
0138
0091
0098
0117
0110
0065
0178
0099
0121
0209
0261
0169
0302
0213
0449
1069
1203
0668
0419
0157
0223
0222
0135
0220
0161
0621
0665
0542
0105
0152
0178
0296
0550
0629
0383
0300
0212
0162
0276
0150
0132
0086
0205
0232
0132
0116
0088
0056
0062
0049
0053
0089
0085
0140
0170
0152
0245
0163
0481
1040
1040
0505
0293
0216
0349
0151
0080
0124
0175
0242
0501
0645
0185
0183
0255
0131
0186
0225
0033
0118
0077
0186
0215
0116
0181
0214
0203
0234
0158
0268
0352
0465
0422
0456
0118
0253
0417
0154
0183
0536
0259
1222
1883
0402
0300
0674
0318
0104
0066
0224
0323
0135
0240
0716
2240
0766
0854
0223
0123
0124
0173
0020
0184
0049
0094
0215
0346
0152
0225
0152
0346
0215
0094
0049
0184
0020
0173
0124
0123
0223
0854
0766
2240
0716
0240
0135
0323
0224
0066
0104
0318
0674
0300
0402
1883
1222
0259
0536
0183
0154
0417
0253
0118
0456
0422
0465
0352
0268
0158
0234
0203
0214
0181
0116
0215
0186
0077
0118
0033
0225
0186
0131
0255
0183
0185
0645
0501
0242
0175
0124
0080
0151
