0038
0031
0124
0086
0101
0099
0099
0050
0068
0047
0039
0076
0035
0037
0111
0040
0100
0051
0060
0054
0090
0067
0116
0073
0051
0096
0069
0086
0119
0010
0084
0059
0044
0065
0075
0020
0058
0069
0093
0082
0110
0070
0139
0012
0121
0058
0054
0043
0044
0010
0089
0057
0099
0112
0115
0075
0142
0076
0114
0106
0105
0073
0043
0022
0127
0022
0043
0073
0105
0106
0114
0076
0142
0075
0115
0112
0099
0057
0089
0010
0044
0043
0054
0058
0121
0012
0139
0070
0110
0082
0093
0069
0058
0020
0075
0065
0044
0059
0084
0010
0119
0086
0069
0096
0051
0073
0116
0067
0090
0054
0060
0051
0100
0040
0111
0037
0035
0076
0039
0047
0068
0050
0099
0099
0101
0086
0124
0031
0140
0041
0107
0096
0138
0184
0260
0247
0241
0200
0226
0350
0352
0216
0126
0074
0062
0067
0098
0052
0105
0132
0225
0264
0231
0197
0101
0078
0227
0432
0648
0748
0475
0125
0196
0219
0151
0108
0095
0100
0034
0053
0042
0088
0121
0065
0086
0354
0669
0588
0126
0116
0241
0290
0281
0188
0172
0212
0255
0258
0233
0151
0094
0104
0062
0104
0094
0151
0233
0258
0255
0212
0172
0188
0281
0290
0241
0116
0126
0588
0669
0354
0086
0065
0121
0088
0042
0053
0034
0100
0095
0108
0151
0219
0196
0125
0475
0748
0648
0432
0227
0078
0101
0197
0231
0264
0225
0132
0105
0052
0098
0067
0062
0074
0126
0216
0352
0350
0226
0200
0241
0247
0260
0184
0138
0096
0107
0041
0144
0117
0173
0093
0228
0194
0152
0108
0154
0215
0228
0917
0675
0115
0292
0241
0250
0148
0144
0043
0220
0248
0134
0081
0204
0176
0120
0180
0240
0234
0356
0167
1660
1257
0302
0392
0035
0164
0239
0099
0347
0068
0169
0227
0295
0218
0224
0316
0496
2136
1016
0153
0161
0285
0119
0295
0202
0280
0494
0144
0139
0113
0081
0175
0008
0175
0081
0113
0139
0144
0494
0280
0202
0295
0119
0285
0161
0153
1016
2136
0496
0316
0224
0218
0295
0227
0169
0068
0347
0099
0239
0164
0035
0392
0302
1257
1660
0167
0356
0234
0240
0180
0120
0176
0204
0081
0134
0248
0220
0043
0144
0148
0250
0241
0292
0115
0675
0917
0228
0215
0154
0108
0152
0194
0228
0093
0173
0117
0153
0040
0084
0261
0145
0100
0094
0115
0113
0144
0354
0771
0474
0112
0090
0099
0177
0026
0149
0085
0298
0221
0206
0340
0210
0208
0212
0197
0079
0399
0491
0627
1599
1663
0449
0315
0096
0213
0144
0258
0174
0435
0317
0237
0344
0218
0346
0151
0647
1387
0568
0298
0102
0021
0151
0077
0180
0204
0148
0048
0051
0090
0158
0030
0155
0030
0158
0090
0051
0048
0148
0204
0180
0077
0151
0021
0102
0298
0568
1387
0647
0151
0346
0218
0344
0237
0317
0435
0174
0258
0144
0213
0096
0315
0449
1663
1599
0627
0491
0399
0079
0197
0212
0208
0210
0340
0206
0221
0298
0085
0149
0026
0177
0099
0090
0112
0474
0771
0354
0144
0113
0115
0094
0100
0145
0261
0084
0040
0134
0065
0038
0259
0180
0063
0156
0143
0101
0170
0399
0746
0493
0123
0112
0110
0158
0027
0145
0106
0309
0246
0203
0343
0205
0209
0221
0216
0047
0376
0489
0580
1650
1638
0411
0310
0080
0210
0205
0298
0140
0481
0297
0243
0344
0210
0367
0114
0616
1316
0593
0281
0065
0043
0141
0088
0163
0164
0107
0070
0010
0087
0108
0010
0174
0010
0108
0087
0010
0070
0107
0164
0163
0088
0141
0043
0065
0281
0593
1316
0616
0114
0367
0210
0344
0243
0297
0481
0140
0298
0205
0210
0080
0310
0411
1638
1650
0580
0489
0376
0047
0216
0221
0209
0205
0343
0203
0246
0309
0106
0145
0027
0158
0110
0112
0123
0493
0746
0399
0170
0101
0143
0156
0063
0180
0259
0038
0065
0048
0087
0170
0227
0258
0211
0134
0124
0221
0065
0322
0716
0545
0099
0230
0135
0050
0065
0179
0124
0132
0113
0110
0127
0059
0198
0276
0067
0283
0136
0589
0372
1445
1201
0211
0203
0220
0061
0031
0265
0126
0142
0110
0111
0231
0302
0264
0363
0671
1099
0984
0647
0054
0140
0290
0062
0105
0163
0331
0158
0139
0249
0215
0062
0167
0062
0215
0249
0139
0158
0331
0163
0105
0062
0290
0140
0054
0647
0984
1099
0671
0363
0264
0302
0231
0111
0110
0142
0126
0265
0031
0061
0220
0203
0211
1201
1445
0372
0589
0136
0283
0067
0276
0198
0059
0127
0110
0113
0132
0124
0179
0065
0050
0135
0230
0099
0545
0716
0322
0065
0221
0124
0134
0211
0258
0227
0170
0087
0106
0196
0393
0376
1061
1176
0335
0088
0164
0111
0196
0128
0150
0116
0231
0191
0080
0067
0043
0086
0210
0226
0107
0126
0219
0109
0290
0147
0171
0293
0346
0662
0452
0346
0191
0025
0071
0519
0743
0713
0241
0859
0430
0176
0194
0323
0380
0232
1532
1473
0425
0095
0206
0353
0392
0253
0172
0113
0136
0045
0099
0253
0348
0154
0382
0154
0348
0253
0099
0045
0136
0113
0172
0253
0392
0353
0206
0095
0425
1473
1532
0232
0380
0323
0194
0176
0430
0859
0241
0713
0743
0519
0071
0025
0191
0346
0452
0662
0346
0293
0171
0147
0290
0109
0219
0126
0107
0226
0210
0086
0043
0067
0080
0191
0231
0116
0150
0128
0196
0111
0164
0088
0335
1176
1061
0376
0393
0196
0237
0062
0053
0286
0195
0084
0180
0143
0160
0112
0275
0883
0480
0190
0108
0136
0107
0055
0114
0130
0290
0216
0275
0307
0200
0231
0212
0190
0138
0355
0763
0235
2034
1626
0365
0272
0083
0278
0104
0334
0212
0513
0344
0255
0391
0193
0298
0410
0676
2058
0528
0465
0232
0178
0070
0115
0114
0290
0126
0022
0042
0117
0158
0075
0128
0075
0158
0117
0042
0022
0126
0290
0114
0115
0070
0178
0232
0465
0528
2058
0676
0410
0298
0193
0391
0255
0344
0513
0212
0334
0104
0278
0083
0272
0365
1626
2034
0235
0763
0355
0138
0190
0212
0231
0200
0307
0275
0216
0290
0130
0114
0055
0107
0136
0108
0190
0480
0883
0275
0112
0160
0143
0180
0084
0195
0286
0053
0062
0155
0134
0246
0156
0072
0119
0079
0039
0045
0190
0387
0745
0684
0131
0157
0255
0083
0157
0183
0185
0088
0268
0447
0307
0287
0208
0131
0053
0114
0100
0164
0243
1193
1234
0313
0200
0043
0270
0140
0128
0174
0216
0174
0127
0242
0203
0316
0395
0764
1080
0761
0392
0170
0173
0161
0080
0163
0084
0208
0130
0126
0147
0055
0154
0023
0154
0055
0147
0126
0130
0208
0084
0163
0080
0161
0173
0170
0392
0761
1080
0764
0395
0316
0203
0242
0127
0174
0216
0174
0128
0140
0270
0043
0200
0313
1234
1193
0243
0164
0100
0114
0053
0131
0208
0287
0307
0447
0268
0088
0185
0183
0157
0083
0255
0157
0131
0684
0745
0387
0190
0045
0039
0079
0119
0072
0156
0246
0134
0012
0419
0409
0219
0040
0221
0231
0200
0291
0081
0497
0781
0581
0415
0142
0194
0143
0114
0128
0070
0179
0217
0323
0194
0124
0106
0117
0236
0136
0324
0241
0668
1387
1292
0398
0179
0122
0138
0042
0146
0089
0297
0209
0174
0197
0279
0245
0259
0713
1062
0682
0374
0157
0161
0163
0043
0052
0076
0103
0149
0197
0267
0254
0113
0177
0113
0254
0267
0197
0149
0103
0076
0052
0043
0163
0161
0157
0374
0682
1062
0713
0259
0245
0279
0197
0174
0209
0297
0089
0146
0042
0138
0122
0179
0398
1292
1387
0668
0241
0324
0136
0236
0117
0106
0124
0194
0323
0217
0179
0070
0128
0114
0143
0194
0142
0415
0581
0781
0497
0081
0291
0200
0231
0221
0040
0219
0409
0419
0084
0008
0102
0268
0140
0072
0189
0129
0112
0198
0443
0649
0386
0128
0086
0123
0152
0020
0070
0145
0308
0200
0222
0334
0226
0205
0201
0185
0072
0321
0520
0783
1319
1412
0593
0144
0136
0119
0189
0277
0199
0515
0224
0255
0288
0211
0258
0068
0643
0960
0594
0319
0046
0119
0146
0090
0142
0140
0132
0048
0030
0070
0113
0039
0109
0039
0113
0070
0030
0048
0132
0140
0142
0090
0146
0119
0046
0319
0594
0960
0643
0068
0258
0211
0288
0255
0224
0515
0199
0277
0189
0119
0136
0144
0593
1412
1319
0783
0520
0321
0072
0185
0201
0205
0226
0334
0222
0200
0308
0145
0070
0020
0152
0123
0086
0128
0386
0649
0443
0198
0112
0129
0189
0072
0140
0268
0102
0008
0174
0033
0074
0245
0196
0075
0162
0122
0099
0120
0425
0720
0463
0121
0093
0150
0135
0014
0150
0069
0298
0224
0254
0329
0220
0229
0194
0197
0061
0283
0437
0685
1402
1457
0460
0220
0125
0162
0172
0281
0173
0452
0232
0263
0244
0229
0343
0085
0648
1119
0617
0295
0086
0153
0027
0154
0095
0167
0100
0043
0060
0098
0138
0016
0155
0016
0138
0098
0060
0043
0100
0167
0095
0154
0027
0153
0086
0295
0617
1119
0648
0085
0343
0229
0244
0263
0232
0452
0173
0281
0172
0162
0125
0220
0460
1457
1402
0685
0437
0283
0061
0197
0194
0229
0220
0329
0254
0224
0298
0069
0150
0014
0135
0150
0093
0121
0463
0720
0425
0120
0099
0122
0162
0075
0196
0245
0074
0033
0115
0034
0057
0276
0159
0087
0175
0090
0097
0175
0486
0632
0387
0155
0115
0159
0091
0070
0111
0113
0307
0200
0218
0335
0290
0193
0190
0185
0055
0294
0542
0827
1275
1363
0596
0142
0177
0144
0217
0275
0203
0486
0200
0344
0274
0219
0339
0072
0529
0890
0597
0318
0038
0087
0099
0123
0149
0109
0124
0087
0075
0085
0098
0044
0172
0044
0098
0085
0075
0087
0124
0109
0149
0123
0099
0087
0038
0318
0597
0890
0529
0072
0339
0219
0274
0344
0200
0486
0203
0275
0217
0144
0177
0142
0596
1363
1275
0827
0542
0294
0055
0185
0190
0193
0290
0335
0218
0200
0307
0113
0111
0070
0091
0159
0115
0155
0387
0632
0486
0175
0097
0090
0175
0087
0159
0276
0057
0034
0164
0053
0056
0264
0194
0115
0203
0168
0104
0129
0352
0874
0485
0161
0040
0119
0141
0040
0123
0162
0246
0285
0246
0359
0160
0216
0130
0112
0072
0319
0580
0321
1652
1530
0282
0223
0093
0218
0124
0346
0150
0525
0255
0301
0250
0168
0281
0310
0701
1638
0496
0185
0086
0221
0185
0094
0110
0222
0117
0076
0077
0143
0113
0042
0074
0042
0113
0143
0077
0076
0117
0222
0110
0094
0185
0221
0086
0185
0496
1638
0701
0310
0281
0168
0250
0301
0255
0525
0150
0346
0124
0218
0093
0223
0282
1530
1652
0321
0580
0319
0072
0112
0130
0216
0160
0359
0246
0285
0246
0162
0123
0040
0141
0119
0040
0161
0485
0874
0352
0129
0104
0168
0203
0115
0194
0264
0056
0053
