0008
0157
0136
0127
0105
0086
0031
0042
0052
0081
0071
0131
0127
0156
0161
0095
0122
0141
0109
0048
0032
0017
0022
0048
0083
0092
0127
0120
0091
0145
0119
0077
0084
0105
0047
0021
0011
0035
0082
0074
0095
0129
0098
0121
0114
0103
0074
0074
0037
0014
0030
0059
0061
0075
0053
0107
0111
0115
0146
0115
0047
0075
0047
0019
0055
0019
0047
0075
0047
0115
0146
0115
0111
0107
0053
0075
0061
0059
0030
0014
0037
0074
0074
0103
0114
0121
0098
0129
0095
0074
0082
0035
0011
0021
0047
0105
0084
0077
0119
0145
0091
0120
0127
0092
0083
0048
0022
0017
0032
0048
0109
0141
0122
0095
0161
0156
0127
0131
0071
0081
0052
0042
0031
0086
0105
0127
0136
0157
0024
0195
0425
0322
0446
0765
2617
1637
0139
0436
0193
0051
1101
0033
0190
0106
0270
0260
0136
0082
0198
0306
0206
0084
0042
0213
0222
0220
0101
0163
0074
0063
0153
0136
0135
0111
0100
0163
0189
0231
0156
0214
0138
0208
0091
0060
0038
0050
0231
0076
0055
0077
0191
0158
0180
0041
0116
0072
0058
0148
0083
0035
0044
0008
0017
0008
0044
0035
0083
0148
0058
0072
0116
0041
0180
0158
0191
0077
0055
0076
0231
0050
0038
0060
0091
0208
0138
0214
0156
0231
0189
0163
0100
0111
0135
0136
0153
0063
0074
0163
0101
0220
0222
0213
0042
0084
0206
0306
0198
0082
0136
0260
0270
0106
0190
0033
1101
0051
0193
0436
0139
1637
2617
0765
0446
0322
0425
0195
0063
0054
0324
0418
0152
1311
2347
1542
0170
0453
0678
0225
0792
0391
0235
0326
0036
0433
0554
0083
0162
0060
0149
0160
0096
0116
0115
0238
0175
0067
0240
0333
0214
0198
0082
0057
0174
0163
0016
0025
0198
0148
0142
0186
0143
0129
0191
0052
0053
0041
0095
0292
0175
0180
0101
0043
0090
0096
0105
0031
0109
0067
0103
0028
0026
0028
0103
0067
0109
0031
0105
0096
0090
0043
0101
0180
0175
0292
0095
0041
0053
0052
0191
0129
0143
0186
0142
0148
0198
0025
0016
0163
0174
0057
0082
0198
0214
0333
0240
0067
0175
0238
0115
0116
0096
0160
0149
0060
0162
0083
0554
0433
0036
0326
0235
0391
0792
0225
0678
0453
0170
1542
2347
1311
0152
0418
0324
0054
0014
0254
0155
0543
0674
0959
1446
1147
0731
0257
0225
0615
0658
0099
0169
0264
0252
0337
0425
0103
0113
0140
0142
0113
0033
0069
0053
0079
0143
0163
0206
0183
0120
0055
0056
0085
0035
0134
0178
0345
0199
0316
0199
0194
0185
0094
0107
0157
0134
0139
0103
0016
0088
0114
0073
0023
0052
0018
0039
0058
0125
0133
0105
0114
0000
0114
0105
0133
0125
0058
0039
0018
0052
0023
0073
0114
0088
0016
0103
0139
0134
0157
0107
0094
0185
0194
0199
0316
0199
0345
0178
0134
0035
0085
0056
0055
0120
0183
0206
0163
0143
0079
0053
0069
0033
0113
0142
0140
0113
0103
0425
0337
0252
0264
0169
0099
0658
0615
0225
0257
0731
1147
1446
0959
0674
0543
0155
0254
0245
0271
0596
0213
0572
0958
2290
1584
0380
0743
0166
0530
1070
0164
0135
0076
0134
0245
0313
0168
0024
0170
0221
0073
0071
0062
0036
0087
0072
0109
0086
0195
0123
0150
0123
0101
0022
0105
0219
0242
0195
0161
0236
0298
0084
0138
0118
0161
0202
0056
0145
0120
0143
0075
0113
0163
0054
0044
0128
0137
0194
0106
0175
0054
0063
0054
0175
0106
0194
0137
0128
0044
0054
0163
0113
0075
0143
0120
0145
0056
0202
0161
0118
0138
0084
0298
0236
0161
0195
0242
0219
0105
0022
0101
0123
0150
0123
0195
0086
0109
0072
0087
0036
0062
0071
0073
0221
0170
0024
0168
0313
0245
0134
0076
0135
0164
1070
0530
0166
0743
0380
1584
2290
0958
0572
0213
0596
0271
0479
0068
0536
0396
0622
1738
1782
0930
0753
0695
0161
0461
0607
0615
0094
0250
0203
0285
0418
0319
0122
0154
0196
0195
0189
0020
0129
0115
0148
0174
0072
0185
0169
0160
0082
0095
0122
0079
0094
0132
0185
0076
0163
0187
0130
0119
0137
0140
0056
0033
0093
0093
0120
0146
0092
0097
0118
0131
0075
0146
0073
0071
0121
0116
0018
0116
0121
0071
0073
0146
0075
0131
0118
0097
0092
0146
0120
0093
0093
0033
0056
0140
0137
0119
0130
0187
0163
0076
0185
0132
0094
0079
0122
0095
0082
0160
0169
0185
0072
0174
0148
0115
0129
0020
0189
0195
0196
0154
0122
0319
0418
0285
0203
0250
0094
0615
0607
0461
0161
0695
0753
0930
1782
1738
0622
0396
0536
0068
0082
0301
0140
0773
0311
0752
1904
1485
0286
0600
0952
0778
1028
0408
0304
0316
0274
0410
0358
0258
0107
0143
0166
0061
0216
0013
0042
0257
0207
0200
0152
0029
0177
0228
0107
0048
0060
0014
0175
0104
0086
0034
0129
0030
0049
0038
0187
0175
0082
0089
0209
0159
0077
0076
0031
0114
0108
0174
0096
0177
0173
0071
0098
0135
0176
0135
0098
0071
0173
0177
0096
0174
0108
0114
0031
0076
0077
0159
0209
0089
0082
0175
0187
0038
0049
0030
0129
0034
0086
0104
0175
0014
0060
0048
0107
0228
0177
0029
0152
0200
0207
0257
0042
0013
0216
0061
0166
0143
0107
0258
0358
0410
0274
0316
0304
0408
1028
0778
0952
0600
0286
1485
1904
0752
0311
0773
0140
0301
0474
0152
0479
0649
0348
1707
2194
1343
0554
0495
0003
0482
0657
0559
0036
0381
0283
0406
0426
0149
0070
0134
0129
0164
0119
0067
0157
0098
0078
0015
0119
0194
0005
0142
0062
0144
0086
0092
0111
0085
0196
0076
0134
0201
0226
0219
0164
0030
0124
0211
0129
0142
0062
0132
0072
0163
0184
0083
0101
0092
0188
0139
0129
0082
0068
0082
0129
0139
0188
0092
0101
0083
0184
0163
0072
0132
0062
0142
0129
0211
0124
0030
0164
0219
0226
0201
0134
0076
0196
0085
0111
0092
0086
0144
0062
0142
0005
0194
0119
0015
0078
0098
0157
0067
0119
0164
0129
0134
0070
0149
0426
0406
0283
0381
0036
0559
0657
0482
0003
0495
0554
1343
2194
1707
0348
0649
0479
0152
0328
0139
0277
0242
0270
0941
2018
1456
0354
0609
0807
0693
1430
0231
0345
0159
0398
0141
0035
0279
0232
0066
0218
0191
0099
0063
0078
0080
0028
0140
0188
0242
0184
0128
0056
0056
0237
0240
0212
0114
0138
0088
0116
0087
0091
0058
0122
0102
0095
0096
0099
0078
0097
0172
0184
0169
0126
0121
0180
0143
0096
0045
0098
0067
0155
0067
0098
0045
0096
0143
0180
0121
0126
0169
0184
0172
0097
0078
0099
0096
0095
0102
0122
0058
0091
0087
0116
0088
0138
0114
0212
0240
0237
0056
0056
0128
0184
0242
0188
0140
0028
0080
0078
0063
0099
0191
0218
0066
0232
0279
0035
0141
0398
0159
0345
0231
1430
0693
0807
0609
0354
1456
2018
0941
0270
0242
0277
0139
0375
0173
0141
0054
0426
1096
1678
1157
0333
0512
0584
0467
1075
0184
0287
0054
0276
0288
0156
0327
0191
0144
0175
0153
0073
0062
0052
0077
0093
0122
0191
0235
0171
0107
0086
0066
0207
0274
0217
0087
0190
0095
0054
0129
0142
0086
0142
0122
0056
0107
0078
0040
0080
0186
0227
0094
0141
0121
0169
0114
0079
0018
0146
0043
0142
0043
0146
0018
0079
0114
0169
0121
0141
0094
0227
0186
0080
0040
0078
0107
0056
0122
0142
0086
0142
0129
0054
0095
0190
0087
0217
0274
0207
0066
0086
0107
0171
0235
0191
0122
0093
0077
0052
0062
0073
0153
0175
0144
0191
0327
0156
0288
0276
0054
0287
0184
1075
0467
0584
0512
0333
1157
1678
1096
0426
0054
0141
0173
0358
0126
0293
0318
0183
1002
2103
1431
0366
0572
0816
0647
1192
0259
0309
0097
0319
0095
0153
0301
0256
0091
0138
0143
0066
0074
0064
0120
0075
0110
0223
0247
0171
0146
0075
0056
0220
0257
0222
0150
0207
0105
0055
0173
0147
0038
0131
0077
0083
0138
0101
0056
0116
0181
0227
0071
0095
0109
0131
0153
0107
0018
0132
0059
0189
0059
0132
0018
0107
0153
0131
0109
0095
0071
0227
0181
0116
0056
0101
0138
0083
0077
0131
0038
0147
0173
0055
0105
0207
0150
0222
0257
0220
0056
0075
0146
0171
0247
0223
0110
0075
0120
0064
0074
0066
0143
0138
0091
0256
0301
0153
0095
0319
0097
0309
0259
1192
0647
0816
0572
0366
1431
2103
1002
0183
0318
0293
0126
0387
0140
0567
0364
0694
1686
1808
1119
0639
0387
0075
0319
0610
0501
0025
0206
0248
0374
0414
0243
0132
0175
0172
0114
0052
0111
0077
0112
0238
0092
0098
0162
0132
0115
0179
0092
0055
0168
0205
0209
0185
0141
0275
0216
0171
0091
0114
0091
0079
0149
0044
0139
0091
0064
0006
0146
0091
0133
0067
0196
0232
0168
0041
0103
0034
0103
0041
0168
0232
0196
0067
0133
0091
0146
0006
0064
0091
0139
0044
0149
0079
0091
0114
0091
0171
0216
0275
0141
0185
0209
0205
0168
0055
0092
0179
0115
0132
0162
0098
0092
0238
0112
0077
0111
0052
0114
0172
0175
0132
0243
0414
0374
0248
0206
0025
0501
0610
0319
0075
0387
0639
1119
1808
1686
0694
0364
0567
0140
0387
0136
0570
0362
0676
1701
1833
1105
0645
0411
0053
0267
0596
0567
0051
0245
0274
0382
0427
0234
0166
0188
0163
0128
0024
0049
0064
0141
0239
0118
0124
0125
0116
0148
0107
0125
0051
0144
0191
0188
0210
0159
0246
0258
0168
0118
0097
0075
0080
0115
0059
0148
0121
0110
0021
0142
0101
0135
0053
0253
0250
0130
0042
0079
0000
0079
0042
0130
0250
0253
0053
0135
0101
0142
0021
0110
0121
0148
0059
0115
0080
0075
0097
0118
0168
0258
0246
0159
0210
0188
0191
0144
0051
0125
0107
0148
0116
0125
0124
0118
0239
0141
0064
0049
0024
0128
0163
0188
0166
0234
0427
0382
0274
0245
0051
0567
0596
0267
0053
0411
0645
1105
1833
1701
0676
0362
0570
0136
