0069
0586
0625
0100
0093
0122
0213
0218
0117
0125
0052
0094
0242
0172
0034
0141
0036
0097
0223
0764
0449
0231
0457
0253
0900
0602
0407
0392
0588
0474
0225
0155
0120
0392
0475
0369
0419
0145
0493
1298
0391
0460
0635
0142
0101
0084
0266
1720
0327
0164
0364
0088
0128
0366
0384
0212
0281
0513
0851
0502
2562
0140
0292
0332
0663
0332
0292
0140
2562
0502
0851
0513
0281
0212
0384
0366
0128
0088
0364
0164
0327
1720
0266
0084
0101
0142
0635
0460
0391
1298
0493
0145
0419
0369
0475
0392
0120
0155
0225
0474
0588
0392
0407
0602
0900
0253
0457
0231
0449
0764
0223
0097
0036
0141
0034
0172
0242
0094
0052
0125
0117
0218
0213
0122
0093
0100
0625
0586
0096
0758
0586
0135
0093
0135
0155
0191
0101
0122
0112
0087
0261
0101
0018
0072
0044
0144
0324
0641
0372
0263
0329
0290
0954
0616
0390
0371
0572
0552
0229
0142
0184
0388
0492
0365
0413
0049
0314
1466
0388
0444
0717
0253
0158
0384
0576
1591
0358
0167
0191
0183
0171
0325
0297
0090
0206
0157
0884
0948
2229
0098
0370
0224
0355
0224
0370
0098
2229
0948
0884
0157
0206
0090
0297
0325
0171
0183
0191
0167
0358
1591
0576
0384
0158
0253
0717
0444
0388
1466
0314
0049
0413
0365
0492
0388
0184
0142
0229
0552
0572
0371
0390
0616
0954
0290
0329
0263
0372
0641
0324
0144
0044
0072
0018
0101
0261
0087
0112
0122
0101
0191
0155
0135
0093
0135
0586
0758
0270
0521
0377
0182
0159
0162
0090
0085
0311
0321
0108
0126
0148
0066
0116
0183
0055
0260
0308
0371
0194
0217
0241
0183
0458
0371
0107
0185
0329
0572
0460
0211
0046
0193
0307
0259
0194
0448
0680
1286
1015
1395
0523
0170
0077
0165
0370
0614
0260
0169
0153
0047
0099
0029
0086
0034
0057
0171
0270
0707
1091
0584
0152
0143
0042
0143
0152
0584
1091
0707
0270
0171
0057
0034
0086
0029
0099
0047
0153
0169
0260
0614
0370
0165
0077
0170
0523
1395
1015
1286
0680
0448
0194
0259
0307
0193
0046
0211
0460
0572
0329
0185
0107
0371
0458
0183
0241
0217
0194
0371
0308
0260
0055
0183
0116
0066
0148
0126
0108
0321
0311
0085
0090
0162
0159
0182
0377
0521
0287
0278
0447
0339
0068
0213
0278
0188
0140
0198
0133
0075
0077
0117
0048
0207
0088
0123
0380
0543
0486
0290
0002
0323
0880
0525
0032
0326
0408
0588
0326
0139
0222
0224
0333
0416
0137
0479
1030
1217
0730
0699
0112
0252
0205
0214
0717
0860
0432
0192
0068
0044
0183
0311
0164
0084
0120
0191
0270
1260
1506
0374
0382
0222
0315
0222
0382
0374
1506
1260
0270
0191
0120
0084
0164
0311
0183
0044
0068
0192
0432
0860
0717
0214
0205
0252
0112
0699
0730
1217
1030
0479
0137
0416
0333
0224
0222
0139
0326
0588
0408
0326
0032
0525
0880
0323
0002
0290
0486
0543
0380
0123
0088
0207
0048
0117
0077
0075
0133
0198
0140
0188
0278
0213
0068
0339
0447
0278
0370
0387
0488
0171
0163
0200
0203
0196
0182
0209
0125
0104
0101
0075
0076
0074
0197
0102
0253
0613
0481
0227
0189
0438
1078
0441
0192
0165
0544
0535
0204
0036
0177
0339
0324
0190
0154
0260
0684
1241
0381
0577
0652
0224
0273
0052
0770
1218
0504
0219
0069
0057
0169
0275
0145
0169
0069
0117
0185
0914
1709
0377
0129
0309
0273
0309
0129
0377
1709
0914
0185
0117
0069
0169
0145
0275
0169
0057
0069
0219
0504
1218
0770
0052
0273
0224
0652
0577
0381
1241
0684
0260
0154
0190
0324
0339
0177
0036
0204
0535
0544
0165
0192
0441
1078
0438
0189
0227
0481
0613
0253
0102
0197
0074
0076
0075
0101
0104
0125
0209
0182
0196
0203
0200
0163
0171
0488
0387
0332
0519
0311
0172
0096
0189
0056
0121
0281
0273
0056
0112
0199
0038
0083
0118
0032
0205
0238
0301
0127
0230
0239
0137
0475
0376
0119
0176
0311
0518
0435
0190
0064
0165
0280
0325
0192
0228
0627
1208
0895
1249
0442
0119
0041
0142
0446
0655
0277
0215
0112
0094
0068
0112
0084
0067
0073
0154
0190
0710
1077
0544
0099
0139
0076
0139
0099
0544
1077
0710
0190
0154
0073
0067
0084
0112
0068
0094
0112
0215
0277
0655
0446
0142
0041
0119
0442
1249
0895
1208
0627
0228
0192
0325
0280
0165
0064
0190
0435
0518
0311
0176
0119
0376
0475
0137
0239
0230
0127
0301
0238
0205
0032
0118
0083
0038
0199
0112
0056
0273
0281
0121
0056
0189
0096
0172
0311
0519
0437
0861
0640
0208
0056
0174
0085
0171
0222
0322
0123
0146
0136
0050
0125
0042
0198
0130
0240
0484
0255
0287
0409
0205
0609
0424
0069
0075
0414
0748
0424
0119
0154
0090
0295
0246
0329
0516
0458
1387
0420
0849
0331
0195
0109
0209
0695
0938
0311
0147
0072
0061
0102
0076
0115
0064
0189
0125
0142
0785
1002
0210
0211
0208
0245
0208
0211
0210
1002
0785
0142
0125
0189
0064
0115
0076
0102
0061
0072
0147
0311
0938
0695
0209
0109
0195
0331
0849
0420
1387
0458
0516
0329
0246
0295
0090
0154
0119
0424
0748
0414
0075
0069
0424
0609
0205
0409
0287
0255
0484
0240
0130
0198
0042
0125
0050
0136
0146
0123
0322
0222
0171
0085
0174
0056
0208
0640
0861
0415
0657
0405
0186
0127
0112
0060
0143
0240
0249
0075
0109
0161
0034
0021
0057
0044
0145
0246
0321
0122
0234
0213
0148
0501
0376
0118
0151
0253
0547
0455
0204
0084
0133
0280
0408
0295
0102
0650
1194
0628
1070
0345
0134
0115
0181
0533
0665
0236
0203
0153
0049
0068
0093
0072
0034
0024
0052
0198
0719
0996
0360
0024
0163
0210
0163
0024
0360
0996
0719
0198
0052
0024
0034
0072
0093
0068
0049
0153
0203
0236
0665
0533
0181
0115
0134
0345
1070
0628
1194
0650
0102
0295
0408
0280
0133
0084
0204
0455
0547
0253
0151
0118
0376
0501
0148
0213
0234
0122
0321
0246
0145
0044
0057
0021
0034
0161
0109
0075
0249
0240
0143
0060
0112
0127
0186
0405
0657
0251
0474
0365
0216
0209
0181
0067
0141
0278
0272
0135
0103
0170
0039
0115
0184
0024
0168
0277
0327
0209
0216
0196
0145
0450
0368
0107
0207
0318
0561
0452
0237
0051
0172
0311
0312
0208
0286
0655
1054
0758
1178
0514
0173
0052
0191
0423
0533
0219
0105
0127
0052
0072
0048
0059
0032
0074
0167
0260
0664
0929
0472
0106
0077
0057
0077
0106
0472
0929
0664
0260
0167
0074
0032
0059
0048
0072
0052
0127
0105
0219
0533
0423
0191
0052
0173
0514
1178
0758
1054
0655
0286
0208
0312
0311
0172
0051
0237
0452
0561
0318
0207
0107
0368
0450
0145
0196
0216
0209
0327
0277
0168
0024
0184
0115
0039
0170
0103
0135
0272
0278
0141
0067
0181
0209
0216
0365
0474
0392
0924
0618
0099
0098
0101
0117
0128
0232
0358
0109
0166
0125
0043
0103
0085
0163
0106
0236
0561
0222
0343
0441
0212
0602
0424
0126
0088
0428
0757
0432
0120
0124
0060
0311
0326
0301
0481
0403
1372
0344
0679
0598
0189
0053
0121
0657
0985
0220
0114
0116
0033
0053
0138
0144
0105
0138
0201
0150
0834
1121
0134
0295
0248
0159
0248
0295
0134
1121
0834
0150
0201
0138
0105
0144
0138
0053
0033
0116
0114
0220
0985
0657
0121
0053
0189
0598
0679
0344
1372
0403
0481
0301
0326
0311
0060
0124
0120
0432
0757
0428
0088
0126
0424
0602
0212
0441
0343
0222
0561
0236
0106
0163
0085
0103
0043
0125
0166
0109
0358
0232
0128
0117
0101
0098
0099
0618
0924
0458
0692
0526
0234
0058
0128
0105
0146
0219
0279
0129
0129
0146
0060
0137
0042
0114
0125
0240
0401
0166
0253
0330
0186
0556
0420
0110
0133
0358
0656
0455
0151
0122
0113
0226
0379
0336
0263
0561
1286
0492
0957
0164
0114
0219
0252
0622
0763
0223
0140
0104
0093
0070
0049
0072
0051
0115
0048
0172
0765
0953
0276
0121
0232
0325
0232
0121
0276
0953
0765
0172
0048
0115
0051
0072
0049
0070
0093
0104
0140
0223
0763
0622
0252
0219
0114
0164
0957
0492
1286
0561
0263
0336
0379
0226
0113
0122
0151
0455
0656
0358
0133
0110
0420
0556
0186
0330
0253
0166
0401
0240
0125
0114
0042
0137
0060
0146
0129
0129
0279
0219
0146
0105
0128
0058
0234
0526
0692
0009
0074
0018
0026
0183
0214
0030
0060
0136
0252
0051
0042
0162
0215
0101
0032
0103
0122
0111
0110
0059
0075
0086
0127
0129
0108
0121
0099
0238
0198
0094
0091
0227
0178
0119
0114
0169
0160
0149
0123
0095
0180
0157
0143
0118
0166
0145
0085
0127
0120
0158
0066
0136
0163
0139
0114
0068
0209
0163
0143
0058
0166
0225
0079
0029
0079
0225
0166
0058
0143
0163
0209
0068
0114
0139
0163
0136
0066
0158
0120
0127
0085
0145
0166
0118
0143
0157
0180
0095
0123
0149
0160
0169
0114
0119
0178
0227
0091
0094
0198
0238
0099
0121
0108
0129
0127
0086
0075
0059
0110
0111
0122
0103
0032
0101
0215
0162
0042
0051
0252
0136
0060
0030
0214
0183
0026
0018
0074
