0068
0123
0134
0092
0087
0089
0083
0043
0038
0045
0056
0046
0038
0063
0060
0067
0072
0068
0080
0090
0102
0106
0117
0074
0101
0080
0070
0068
0088
0087
0067
0034
0031
0051
0038
0009
0049
0071
0054
0062
0081
0104
0065
0079
0080
0089
0054
0064
0081
0074
0051
0054
0059
0010
0016
0016
0023
0043
0024
0046
0070
0064
0075
0073
0078
0073
0075
0064
0070
0046
0024
0043
0023
0016
0016
0010
0059
0054
0051
0074
0081
0064
0054
0089
0080
0079
0065
0104
0081
0062
0054
0071
0049
0009
0038
0051
0031
0034
0067
0087
0088
0068
0070
0080
0101
0074
0117
0106
0102
0090
0080
0068
0072
0067
0060
0063
0038
0046
0056
0045
0038
0043
0083
0089
0087
0092
0134
0123
0119
0355
1196
0836
3125
0535
1673
0577
0663
0102
0392
0218
0234
0134
0498
0070
0141
0202
0288
0132
0217
0061
0015
0100
0122
0072
0030
0065
0142
0148
0149
0121
0154
0150
0146
0128
0097
0056
0102
0122
0221
0207
0070
0092
0039
0060
0030
0060
0032
0115
0012
0104
0123
0081
0047
0056
0058
0109
0155
0111
0056
0082
0038
0074
0043
0074
0038
0082
0056
0111
0155
0109
0058
0056
0047
0081
0123
0104
0012
0115
0032
0060
0030
0060
0039
0092
0070
0207
0221
0122
0102
0056
0097
0128
0146
0150
0154
0121
0149
0148
0142
0065
0030
0072
0122
0100
0015
0061
0217
0132
0288
0202
0141
0070
0498
0134
0234
0218
0392
0102
0663
0577
1673
0535
3125
0836
1196
0355
0014
0331
0844
1073
2201
1057
1233
0792
0593
0131
0444
0160
0206
0145
0347
0177
0095
0193
0267
0202
0208
0076
0061
0134
0146
0088
0069
0087
0165
0114
0151
0129
0131
0170
0171
0135
0103
0065
0104
0134
0214
0211
0072
0089
0043
0030
0040
0056
0099
0107
0034
0212
0142
0098
0078
0054
0028
0068
0111
0109
0079
0071
0007
0071
0017
0071
0007
0071
0079
0109
0111
0068
0028
0054
0078
0098
0142
0212
0034
0107
0099
0056
0040
0030
0043
0089
0072
0211
0214
0134
0104
0065
0103
0135
0171
0170
0131
0129
0151
0114
0165
0087
0069
0088
0146
0134
0061
0076
0208
0202
0267
0193
0095
0177
0347
0145
0206
0160
0444
0131
0593
0792
1233
1057
2201
1073
0844
0331
0362
0165
0901
1528
0963
0578
0965
1352
0626
0415
0449
0267
0387
0599
0389
0241
0303
0223
0069
0170
0221
0226
0111
0116
0113
0105
0076
0219
0185
0026
0077
0069
0114
0149
0193
0040
0207
0215
0059
0031
0217
0323
0228
0085
0020
0040
0080
0052
0117
0254
0166
0087
0084
0099
0096
0104
0077
0024
0137
0084
0045
0029
0084
0114
0014
0114
0084
0029
0045
0084
0137
0024
0077
0104
0096
0099
0084
0087
0166
0254
0117
0052
0080
0040
0020
0085
0228
0323
0217
0031
0059
0215
0207
0040
0193
0149
0114
0069
0077
0026
0185
0219
0076
0105
0113
0116
0111
0226
0221
0170
0069
0223
0303
0241
0389
0599
0387
0267
0449
0415
0626
1352
0965
0578
0963
1528
0901
0165
0354
0157
0889
1594
1055
0482
0922
1297
0606
0417
0451
0214
0367
0538
0332
0166
0276
0222
0043
0161
0197
0252
0138
0153
0123
0113
0037
0169
0120
0014
0078
0044
0111
0171
0205
0050
0170
0202
0062
0044
0215
0298
0173
0072
0022
0045
0106
0058
0107
0273
0199
0112
0040
0081
0104
0122
0128
0043
0122
0083
0082
0059
0086
0104
0027
0104
0086
0059
0082
0083
0122
0043
0128
0122
0104
0081
0040
0112
0199
0273
0107
0058
0106
0045
0022
0072
0173
0298
0215
0044
0062
0202
0170
0050
0205
0171
0111
0044
0078
0014
0120
0169
0037
0113
0123
0153
0138
0252
0197
0161
0043
0222
0276
0166
0332
0538
0367
0214
0451
0417
0606
1297
0922
0482
1055
1594
0889
0157
0392
0400
0151
1772
1441
0122
0843
1258
0970
0523
0600
0374
0363
0647
0213
0314
0289
0182
0031
0166
0154
0248
0151
0105
0146
0102
0131
0173
0216
0070
0068
0129
0102
0122
0138
0101
0155
0182
0033
0033
0215
0251
0122
0098
0069
0033
0096
0096
0024
0246
0260
0135
0130
0069
0124
0132
0108
0023
0139
0063
0074
0030
0093
0100
0024
0100
0093
0030
0074
0063
0139
0023
0108
0132
0124
0069
0130
0135
0260
0246
0024
0096
0096
0033
0069
0098
0122
0251
0215
0033
0033
0182
0155
0101
0138
0122
0102
0129
0068
0070
0216
0173
0131
0102
0146
0105
0151
0248
0154
0166
0031
0182
0289
0314
0213
0647
0363
0374
0600
0523
0970
1258
0843
0122
1441
1772
0151
0400
0180
0424
1127
0633
3018
0489
1753
0677
0598
0093
0433
0299
0272
0134
0523
0042
0086
0192
0271
0138
0151
0087
0054
0142
0143
0096
0043
0086
0182
0079
0150
0131
0147
0167
0149
0162
0113
0040
0074
0133
0204
0164
0036
0075
0081
0059
0017
0035
0086
0113
0025
0165
0178
0103
0060
0057
0044
0077
0155
0145
0097
0083
0051
0023
0044
0023
0051
0083
0097
0145
0155
0077
0044
0057
0060
0103
0178
0165
0025
0113
0086
0035
0017
0059
0081
0075
0036
0164
0204
0133
0074
0040
0113
0162
0149
0167
0147
0131
0150
0079
0182
0086
0043
0096
0143
0142
0054
0087
0151
0138
0271
0192
0086
0042
0523
0134
0272
0299
0433
0093
0598
0677
1753
0489
3018
0633
1127
0424
0237
0462
1153
0636
3122
0501
1791
0656
0651
0126
0468
0265
0194
0103
0481
0072
0140
0209
0284
0139
0192
0076
0005
0144
0135
0073
0062
0096
0174
0132
0147
0119
0169
0162
0201
0144
0124
0098
0098
0097
0206
0172
0035
0100
0053
0056
0048
0043
0059
0146
0038
0154
0127
0095
0054
0065
0052
0103
0124
0106
0070
0081
0060
0026
0003
0026
0060
0081
0070
0106
0124
0103
0052
0065
0054
0095
0127
0154
0038
0146
0059
0043
0048
0056
0053
0100
0035
0172
0206
0097
0098
0098
0124
0144
0201
0162
0169
0119
0147
0132
0174
0096
0062
0073
0135
0144
0005
0076
0192
0139
0284
0209
0140
0072
0481
0103
0194
0265
0468
0126
0651
0656
1791
0501
3122
0636
1153
0462
0937
0505
0148
1687
1773
1214
2108
1533
0871
0189
0596
0259
0369
0772
0270
0178
0420
0177
0059
0166
0196
0219
0103
0112
0145
0110
0135
0192
0240
0126
0085
0157
0125
0157
0115
0105
0109
0187
0070
0038
0216
0237
0185
0156
0039
0043
0073
0072
0020
0280
0296
0165
0090
0113
0113
0099
0051
0013
0085
0104
0086
0059
0105
0115
0023
0115
0105
0059
0086
0104
0085
0013
0051
0099
0113
0113
0090
0165
0296
0280
0020
0072
0073
0043
0039
0156
0185
0237
0216
0038
0070
0187
0109
0105
0115
0157
0125
0157
0085
0126
0240
0192
0135
0110
0145
0112
0103
0219
0196
0166
0059
0177
0420
0178
0270
0772
0369
0259
0596
0189
0871
1533
2108
1214
1773
1687
0148
0505
0214
0461
1138
0660
3111
0525
1719
0679
0668
0137
0465
0264
0192
0142
0469
0043
0148
0205
0266
0159
0200
0057
0042
0124
0145
0080
0058
0079
0179
0091
0162
0119
0146
0159
0163
0126
0116
0054
0087
0130
0177
0162
0032
0099
0063
0058
0002
0008
0007
0098
0061
0161
0124
0084
0062
0069
0039
0081
0128
0128
0075
0056
0029
0043
0014
0043
0029
0056
0075
0128
0128
0081
0039
0069
0062
0084
0124
0161
0061
0098
0007
0008
0002
0058
0063
0099
0032
0162
0177
0130
0087
0054
0116
0126
0163
0159
0146
0119
0162
0091
0179
0079
0058
0080
0145
0124
0042
0057
0200
0159
0266
0205
0148
0043
0469
0142
0192
0264
0465
0137
0668
0679
1719
0525
3111
0660
1138
0461
0834
0382
0308
1592
1658
1030
1857
1489
0935
0149
0651
0236
0377
0725
0257
0310
0446
0161
0103
0239
0143
0255
0121
0095
0113
0105
0087
0191
0218
0153
0101
0111
0098
0162
0130
0120
0124
0193
0028
0050
0164
0228
0123
0132
0040
0009
0034
0086
0051
0275
0253
0180
0155
0125
0099
0109
0048
0018
0063
0080
0052
0027
0115
0086
0009
0086
0115
0027
0052
0080
0063
0018
0048
0109
0099
0125
0155
0180
0253
0275
0051
0086
0034
0009
0040
0132
0123
0228
0164
0050
0028
0193
0124
0120
0130
0162
0098
0111
0101
0153
0218
0191
0087
0105
0113
0095
0121
0255
0143
0239
0103
0161
0446
0310
0257
0725
0377
0236
0651
0149
0935
1489
1857
1030
1658
1592
0308
0382
0162
0370
1075
0621
2996
0458
1805
0834
0439
0142
0355
0285
0225
0133
0537
0081
0062
0188
0301
0155
0165
0040
0054
0131
0122
0100
0043
0076
0194
0092
0133
0118
0154
0180
0129
0150
0106
0046
0074
0103
0176
0165
0031
0082
0019
0066
0000
0029
0056
0119
0076
0202
0170
0076
0045
0063
0063
0091
0111
0104
0059
0072
0022
0038
0020
0038
0022
0072
0059
0104
0111
0091
0063
0063
0045
0076
0170
0202
0076
0119
0056
0029
0000
0066
0019
0082
0031
0165
0176
0103
0074
0046
0106
0150
0129
0180
0154
0118
0133
0092
0194
0076
0043
0100
0122
0131
0054
0040
0165
0155
0301
0188
0062
0081
0537
0133
0225
0285
0355
0142
0439
0834
1805
0458
2996
0621
1075
0370
0031
0099
0104
0162
0081
0148
0110
0106
0168
0125
