0110
0105
0061
0120
0043
0090
0075
0069
0119
0062
0091
0046
0120
0050
0146
0047
0085
0044
0083
0065
0103
0084
0041
0078
0027
0079
0026
0061
0052
0064
0028
0055
0025
0042
0061
0001
0047
0007
0039
0035
0040
0052
0059
0018
0035
0078
0008
0051
0023
0077
0087
0049
0073
0075
0030
0086
0063
0046
0098
0055
0051
0050
0066
0083
0087
0083
0066
0050
0051
0055
0098
0046
0063
0086
0030
0075
0073
0049
0087
0077
0023
0051
0008
0078
0035
0018
0059
0052
0040
0035
0039
0007
0047
0001
0061
0042
0025
0055
0028
0064
0052
0061
0026
0079
0027
0078
0041
0084
0103
0065
0083
0044
0085
0047
0146
0050
0120
0046
0091
0062
0119
0069
0075
0090
0043
0120
0061
0105
0037
0122
0073
0181
0174
0233
0220
0121
0433
0315
0888
0413
0094
0191
0187
0171
0121
0116
0108
0108
0151
0101
0032
0074
0150
0121
0113
0133
0139
0181
0111
0082
0136
0184
0213
0278
0270
0159
0116
0112
0098
0145
0064
0095
0174
0206
0205
0125
0080
0240
0333
0473
0441
0356
0311
0194
0057
0185
0037
0638
0852
0646
0517
0210
0065
0210
0517
0646
0852
0638
0037
0185
0057
0194
0311
0356
0441
0473
0333
0240
0080
0125
0205
0206
0174
0095
0064
0145
0098
0112
0116
0159
0270
0278
0213
0184
0136
0082
0111
0181
0139
0133
0113
0121
0150
0074
0032
0101
0151
0108
0108
0116
0121
0171
0187
0191
0094
0413
0888
0315
0433
0121
0220
0233
0174
0181
0073
0122
0218
0094
0056
0241
0249
0097
0452
0690
0467
0557
0879
0490
0124
0330
0172
0103
0183
0136
0073
0101
0121
0076
0058
0127
0061
0090
0132
0112
0182
0206
0293
0206
0153
0051
0141
0168
0101
0182
0104
0124
0167
0108
0051
0100
0146
0164
0153
0127
0185
0184
0121
0164
0444
0365
0439
0192
0287
0309
0915
1492
1232
0288
0327
0235
0170
0235
0327
0288
1232
1492
0915
0309
0287
0192
0439
0365
0444
0164
0121
0184
0185
0127
0153
0164
0146
0100
0051
0108
0167
0124
0104
0182
0101
0168
0141
0051
0153
0206
0293
0206
0182
0112
0132
0090
0061
0127
0058
0076
0121
0101
0073
0136
0183
0103
0172
0330
0124
0490
0879
0557
0467
0690
0452
0097
0249
0241
0056
0094
0198
0133
0160
0143
0172
0358
0502
0130
0333
0589
1535
0086
0398
0708
1106
0552
0245
0218
0141
0039
0078
0148
0102
0079
0087
0110
0087
0155
0022
0151
0117
0187
0095
0140
0160
0021
0132
0078
0064
0065
0045
0133
0146
0273
0072
0120
0157
0234
0172
0443
0783
0837
0529
0536
0333
0096
0582
0861
0675
0397
0520
0357
0481
0100
0081
0100
0481
0357
0520
0397
0675
0861
0582
0096
0333
0536
0529
0837
0783
0443
0172
0234
0157
0120
0072
0273
0146
0133
0045
0065
0064
0078
0132
0021
0160
0140
0095
0187
0117
0151
0022
0155
0087
0110
0087
0079
0102
0148
0078
0039
0141
0218
0245
0552
1106
0708
0398
0086
1535
0589
0333
0130
0502
0358
0172
0143
0160
0133
0084
0454
0321
0097
0255
0243
0981
0471
1264
0124
1110
0703
0141
0132
0186
0185
0115
0173
0150
0192
0163
0130
0179
0100
0018
0122
0139
0108
0055
0280
0142
0069
0058
0035
0034
0017
0094
0064
0037
0118
0128
0116
0085
0085
0243
0170
0296
0266
0459
0306
0142
0241
0419
0263
0258
0298
0159
0077
0611
1930
1352
0146
0319
0168
0088
0168
0319
0146
1352
1930
0611
0077
0159
0298
0258
0263
0419
0241
0142
0306
0459
0266
0296
0170
0243
0085
0085
0116
0128
0118
0037
0064
0094
0017
0034
0035
0058
0069
0142
0280
0055
0108
0139
0122
0018
0100
0179
0130
0163
0192
0150
0173
0115
0185
0186
0132
0141
0703
1110
0124
1264
0471
0981
0243
0255
0097
0321
0454
0275
0174
0107
0106
0303
0366
0312
0356
0472
0669
1858
0457
0397
0591
1203
0441
0208
0231
0136
0010
0135
0143
0060
0061
0151
0063
0084
0084
0053
0102
0110
0147
0107
0144
0125
0042
0100
0115
0159
0052
0073
0093
0180
0206
0124
0140
0107
0259
0182
0398
0795
0866
0447
0607
0345
0114
0431
0988
0870
0481
0525
0430
0440
0065
0119
0065
0440
0430
0525
0481
0870
0988
0431
0114
0345
0607
0447
0866
0795
0398
0182
0259
0107
0140
0124
0206
0180
0093
0073
0052
0159
0115
0100
0042
0125
0144
0107
0147
0110
0102
0053
0084
0084
0063
0151
0061
0060
0143
0135
0010
0136
0231
0208
0441
1203
0591
0397
0457
1858
0669
0472
0356
0312
0366
0303
0106
0107
0174
0273
0348
0266
0139
0255
0394
0892
0664
1305
0208
1235
0739
0057
0145
0202
0235
0150
0182
0141
0128
0176
0057
0092
0141
0027
0094
0091
0128
0067
0355
0230
0095
0076
0043
0103
0016
0115
0037
0101
0115
0196
0163
0098
0072
0242
0149
0267
0263
0420
0251
0158
0214
0442
0279
0263
0307
0115
0036
0523
2064
1264
0221
0227
0173
0041
0173
0227
0221
1264
2064
0523
0036
0115
0307
0263
0279
0442
0214
0158
0251
0420
0263
0267
0149
0242
0072
0098
0163
0196
0115
0101
0037
0115
0016
0103
0043
0076
0095
0230
0355
0067
0128
0091
0094
0027
0141
0092
0057
0176
0128
0141
0182
0150
0235
0202
0145
0057
0739
1235
0208
1305
0664
0892
0394
0255
0139
0266
0348
0261
0190
0102
0162
0258
0399
0385
0354
0461
0667
1827
0446
0392
0523
1090
0451
0176
0237
0096
0033
0138
0165
0066
0029
0144
0071
0113
0083
0062
0101
0123
0147
0139
0159
0110
0022
0132
0120
0104
0039
0086
0128
0130
0244
0161
0135
0103
0277
0207
0373
0845
0889
0446
0643
0330
0134
0476
1065
0825
0484
0510
0439
0437
0076
0087
0076
0437
0439
0510
0484
0825
1065
0476
0134
0330
0643
0446
0889
0845
0373
0207
0277
0103
0135
0161
0244
0130
0128
0086
0039
0104
0120
0132
0022
0110
0159
0139
0147
0123
0101
0062
0083
0113
0071
0144
0029
0066
0165
0138
0033
0096
0237
0176
0451
1090
0523
0392
0446
1827
0667
0461
0354
0385
0399
0258
0162
0102
0190
0296
0156
0142
0156
0201
0327
0544
0229
0453
0682
1642
0290
0381
0670
1175
0457
0163
0240
0123
0033
0124
0115
0041
0073
0106
0053
0074
0073
0054
0105
0174
0145
0136
0167
0156
0019
0102
0111
0116
0108
0079
0103
0182
0257
0126
0166
0113
0291
0153
0428
0871
0938
0525
0617
0373
0140
0559
0896
0750
0391
0567
0429
0519
0095
0132
0095
0519
0429
0567
0391
0750
0896
0559
0140
0373
0617
0525
0938
0871
0428
0153
0291
0113
0166
0126
0257
0182
0103
0079
0108
0116
0111
0102
0019
0156
0167
0136
0145
0174
0105
0054
0073
0074
0053
0106
0073
0041
0115
0124
0033
0123
0240
0163
0457
1175
0670
0381
0290
1642
0682
0453
0229
0544
0327
0201
0156
0142
0156
0453
0188
0090
0351
0521
0255
0483
0263
0401
0191
1435
0807
0573
0402
0355
0444
0208
0419
0316
0211
0145
0104
0097
0090
0208
0119
0171
0126
0230
0385
0193
0224
0149
0082
0170
0062
0093
0109
0066
0171
0073
0137
0192
0173
0284
0178
0089
0344
0433
0254
0385
1131
0269
0625
0521
0233
0767
0497
0754
2487
0672
0419
0443
0410
0068
0410
0443
0419
0672
2487
0754
0497
0767
0233
0521
0625
0269
1131
0385
0254
0433
0344
0089
0178
0284
0173
0192
0137
0073
0171
0066
0109
0093
0062
0170
0082
0149
0224
0193
0385
0230
0126
0171
0119
0208
0090
0097
0104
0145
0211
0316
0419
0208
0444
0355
0402
0573
0807
1435
0191
0401
0263
0483
0255
0521
0351
0090
0188
0297
0320
0173
0155
0257
0270
1027
0469
1369
0086
1139
0839
0073
0180
0233
0234
0180
0200
0111
0141
0150
0042
0128
0154
0099
0087
0049
0129
0081
0343
0287
0110
0162
0049
0116
0028
0114
0120
0154
0195
0214
0149
0069
0031
0193
0117
0244
0191
0347
0228
0168
0160
0403
0251
0289
0217
0168
0105
0664
2198
1427
0238
0276
0156
0028
0156
0276
0238
1427
2198
0664
0105
0168
0217
0289
0251
0403
0160
0168
0228
0347
0191
0244
0117
0193
0031
0069
0149
0214
0195
0154
0120
0114
0028
0116
0049
0162
0110
0287
0343
0081
0129
0049
0087
0099
0154
0128
0042
0150
0141
0111
0200
0180
0234
0233
0180
0073
0839
1139
0086
1369
0469
1027
0270
0257
0155
0173
0320
0138
0296
0309
0163
0183
0510
0475
0706
0569
0812
1090
0410
0438
0292
0203
0294
0178
0110
0251
0254
0185
0115
0130
0124
0077
0013
0102
0117
0167
0195
0076
0123
0065
0114
0159
0082
0136
0161
0112
0075
0198
0109
0102
0085
0090
0165
0254
0297
0279
0130
0272
0451
0497
0245
0073
0100
0185
0101
0894
1671
0963
0016
0192
0035
0024
0035
0192
0016
0963
1671
0894
0101
0185
0100
0073
0245
0497
0451
0272
0130
0279
0297
0254
0165
0090
0085
0102
0109
0198
0075
0112
0161
0136
0082
0159
0114
0065
0123
0076
0195
0167
0117
0102
0013
0077
0124
0130
0115
0185
0254
0251
0110
0178
0294
0203
0292
0438
0410
1090
0812
0569
0706
0475
0510
0183
0163
0309
0296
