0075
0067
0100
0061
0083
0080
0091
0098
0047
0073
0081
0099
0089
0057
0039
0019
0059
0075
0093
0066
0034
0044
0078
0079
0052
0069
0051
0075
0096
0117
0033
0030
0107
0083
0089
0009
0037
0050
0043
0087
0055
0040
0078
0099
0079
0070
0017
0028
0031
0050
0060
0064
0084
0048
0071
0036
0042
0007
0075
0074
0064
0075
0072
0063
0046
0063
0072
0075
0064
0074
0075
0007
0042
0036
0071
0048
0084
0064
0060
0050
0031
0028
0017
0070
0079
0099
0078
0040
0055
0087
0043
0050
0037
0009
0089
0083
0107
0030
0033
0117
0096
0075
0051
0069
0052
0079
0078
0044
0034
0066
0093
0075
0059
0019
0039
0057
0089
0099
0081
0073
0047
0098
0091
0080
0083
0061
0100
0067
0063
0210
0187
0184
0160
0125
0089
0135
0157
0077
0071
0109
0064
0068
0077
0036
0037
0049
0065
0138
0189
0209
0179
0230
0205
0190
0143
0174
0190
0197
0138
0133
0133
0096
0051
0135
0315
0335
0323
0336
0340
0300
0260
0284
0302
0328
0240
0232
0265
0250
0267
0322
0262
0135
0081
0199
0333
0535
0785
0849
0660
0191
0205
0236
0225
0236
0205
0191
0660
0849
0785
0535
0333
0199
0081
0135
0262
0322
0267
0250
0265
0232
0240
0328
0302
0284
0260
0300
0340
0336
0323
0335
0315
0135
0051
0096
0133
0133
0138
0197
0190
0174
0143
0190
0205
0230
0179
0209
0189
0138
0065
0049
0037
0036
0077
0068
0064
0109
0071
0077
0157
0135
0089
0125
0160
0184
0187
0210
0223
0040
0150
0249
0074
0143
0123
0209
0135
0082
0047
0181
0101
0263
0130
0109
0162
0136
0107
0168
0217
0352
0373
0374
0121
0253
0129
0166
0142
0136
0152
0054
0223
0268
0655
0162
0765
0122
0260
0069
0426
0229
0152
0196
0080
0262
0222
0174
0230
0371
0144
0147
0212
0235
0185
0262
0223
0426
2233
3323
0221
0311
0205
0343
0076
0343
0205
0311
0221
3323
2233
0426
0223
0262
0185
0235
0212
0147
0144
0371
0230
0174
0222
0262
0080
0196
0152
0229
0426
0069
0260
0122
0765
0162
0655
0268
0223
0054
0152
0136
0142
0166
0129
0253
0121
0374
0373
0352
0217
0168
0107
0136
0162
0109
0130
0263
0101
0181
0047
0082
0135
0209
0123
0143
0074
0249
0150
0040
0225
0073
0140
0276
0044
0158
0181
0197
0152
0098
0072
0176
0087
0263
0142
0125
0148
0113
0108
0183
0229
0345
0346
0353
0119
0279
0139
0250
0106
0168
0134
0106
0201
0203
0709
0253
0845
0114
0206
0085
0417
0254
0118
0239
0104
0299
0181
0129
0196
0378
0151
0109
0236
0188
0198
0213
0123
0541
2207
3490
0045
0208
0256
0273
0032
0273
0256
0208
0045
3490
2207
0541
0123
0213
0198
0188
0236
0109
0151
0378
0196
0129
0181
0299
0104
0239
0118
0254
0417
0085
0206
0114
0845
0253
0709
0203
0201
0106
0134
0168
0106
0250
0139
0279
0119
0353
0346
0345
0229
0183
0108
0113
0148
0125
0142
0263
0087
0176
0072
0098
0152
0197
0181
0158
0044
0276
0140
0073
0196
0000
0058
0164
0125
0177
0105
0224
0141
0089
0110
0126
0128
0279
0166
0087
0187
0102
0122
0196
0234
0319
0355
0416
0231
0095
0312
0212
0100
0126
0155
0039
0196
0370
0370
0374
0389
0124
0093
0155
0285
0280
0211
0206
0130
0125
0142
0179
0173
0291
0207
0037
0240
0347
0105
0201
0164
0616
1733
2382
1464
0259
0162
0104
0024
0104
0162
0259
1464
2382
1733
0616
0164
0201
0105
0347
0240
0037
0207
0291
0173
0179
0142
0125
0130
0206
0211
0280
0285
0155
0093
0124
0389
0374
0370
0370
0196
0039
0155
0126
0100
0212
0312
0095
0231
0416
0355
0319
0234
0196
0122
0102
0187
0087
0166
0279
0128
0126
0110
0089
0141
0224
0105
0177
0125
0164
0058
0000
0196
0021
0094
0179
0094
0141
0130
0227
0149
0073
0100
0118
0113
0286
0133
0085
0181
0125
0139
0160
0231
0320
0314
0309
0201
0111
0284
0174
0148
0124
0193
0034
0184
0334
0402
0329
0467
0108
0048
0140
0260
0299
0147
0212
0138
0183
0154
0156
0168
0341
0247
0096
0215
0240
0185
0187
0300
0401
1989
2798
1250
0320
0102
0214
0028
0214
0102
0320
1250
2798
1989
0401
0300
0187
0185
0240
0215
0096
0247
0341
0168
0156
0154
0183
0138
0212
0147
0299
0260
0140
0048
0108
0467
0329
0402
0334
0184
0034
0193
0124
0148
0174
0284
0111
0201
0309
0314
0320
0231
0160
0139
0125
0181
0085
0133
0286
0113
0118
0100
0073
0149
0227
0130
0141
0094
0179
0094
0021
0112
0217
0395
0355
0107
0155
0130
0104
0185
0210
0089
0127
0080
0160
0097
0051
0047
0162
0208
0168
0299
0219
0101
0133
0254
0519
1050
0736
0431
0247
0222
0099
0189
0287
0365
1175
0950
0323
0099
0077
0030
0210
0133
0132
0184
0282
0059
0210
0131
0082
0069
0118
0201
0141
0109
0145
0261
0400
1402
2324
0361
0193
0392
0266
0132
0266
0392
0193
0361
2324
1402
0400
0261
0145
0109
0141
0201
0118
0069
0082
0131
0210
0059
0282
0184
0132
0133
0210
0030
0077
0099
0323
0950
1175
0365
0287
0189
0099
0222
0247
0431
0736
1050
0519
0254
0133
0101
0219
0299
0168
0208
0162
0047
0051
0097
0160
0080
0127
0089
0210
0185
0104
0130
0155
0107
0355
0395
0217
0218
0058
0146
0307
0038
0125
0176
0195
0162
0098
0011
0165
0097
0247
0106
0150
0171
0135
0102
0184
0240
0356
0365
0400
0120
0323
0071
0205
0080
0181
0139
0121
0257
0181
0755
0386
0976
0123
0181
0127
0500
0305
0086
0254
0155
0351
0177
0182
0300
0470
0223
0178
0286
0210
0227
0191
0141
0709
2157
3792
0189
0226
0395
0291
0201
0291
0395
0226
0189
3792
2157
0709
0141
0191
0227
0210
0286
0178
0223
0470
0300
0182
0177
0351
0155
0254
0086
0305
0500
0127
0181
0123
0976
0386
0755
0181
0257
0121
0139
0181
0080
0205
0071
0323
0120
0400
0365
0356
0240
0184
0102
0135
0171
0150
0106
0247
0097
0165
0011
0098
0162
0195
0176
0125
0038
0307
0146
0058
0206
0077
0114
0256
0057
0136
0133
0186
0161
0092
0032
0138
0090
0208
0109
0132
0175
0110
0105
0190
0256
0341
0360
0352
0117
0266
0177
0149
0187
0103
0164
0081
0197
0352
0542
0178
0567
0068
0164
0090
0429
0290
0182
0123
0054
0284
0243
0174
0310
0438
0204
0185
0252
0243
0156
0196
0321
0355
2243
3224
0713
0387
0188
0321
0017
0321
0188
0387
0713
3224
2243
0355
0321
0196
0156
0243
0252
0185
0204
0438
0310
0174
0243
0284
0054
0123
0182
0290
0429
0090
0164
0068
0567
0178
0542
0352
0197
0081
0164
0103
0187
0149
0177
0266
0117
0352
0360
0341
0256
0190
0105
0110
0175
0132
0109
0208
0090
0138
0032
0092
0161
0186
0133
0136
0057
0256
0114
0077
0197
0061
0066
0283
0137
0137
0162
0199
0164
0126
0091
0146
0107
0225
0095
0113
0150
0091
0107
0169
0251
0337
0325
0388
0181
0231
0247
0181
0128
0121
0141
0066
0140
0320
0569
0204
0620
0078
0179
0020
0378
0311
0115
0222
0110
0238
0189
0103
0188
0293
0160
0090
0210
0210
0155
0177
0288
0282
2238
3251
0616
0359
0159
0342
0128
0342
0159
0359
0616
3251
2238
0282
0288
0177
0155
0210
0210
0090
0160
0293
0188
0103
0189
0238
0110
0222
0115
0311
0378
0020
0179
0078
0620
0204
0569
0320
0140
0066
0141
0121
0128
0181
0247
0231
0181
0388
0325
0337
0251
0169
0107
0091
0150
0113
0095
0225
0107
0146
0091
0126
0164
0199
0162
0137
0137
0283
0066
0061
