0015
0088
0048
0034
0085
0134
0127
0093
0042
0054
0104
0088
0061
0092
0105
0095
0078
0035
0050
0085
0124
0074
0017
0036
0090
0100
0088
0043
0101
0072
0048
0064
0052
0051
0059
0026
0042
0023
0036
0006
0010
0035
0041
0104
0048
0029
0046
0064
0096
0117
0075
0013
0061
0124
0171
0103
0083
0020
0078
0118
0123
0115
0112
0105
0087
0105
0112
0115
0123
0118
0078
0020
0083
0103
0171
0124
0061
0013
0075
0117
0096
0064
0046
0029
0048
0104
0041
0035
0010
0006
0036
0023
0042
0026
0059
0051
0052
0064
0048
0072
0101
0043
0088
0100
0090
0036
0017
0074
0124
0085
0050
0035
0078
0095
0105
0092
0061
0088
0104
0054
0042
0093
0127
0134
0085
0034
0048
0088
0231
0355
1143
1567
0613
0420
0641
0406
0350
0196
0157
0149
0288
0324
0339
0313
0344
0120
0027
0140
0107
0075
0309
0358
0355
0113
0141
0187
0162
0180
0237
0277
0188
0107
0103
0146
0180
0196
0286
0230
0137
0106
0039
0085
0198
0479
0355
0211
0292
0225
0236
0113
0068
0170
0205
0117
0173
0227
0050
0103
0084
0112
0185
0078
0114
0078
0185
0112
0084
0103
0050
0227
0173
0117
0205
0170
0068
0113
0236
0225
0292
0211
0355
0479
0198
0085
0039
0106
0137
0230
0286
0196
0180
0146
0103
0107
0188
0277
0237
0180
0162
0187
0141
0113
0355
0358
0309
0075
0107
0140
0027
0120
0344
0313
0339
0324
0288
0149
0157
0196
0350
0406
0641
0420
0613
1567
1143
0355
1553
0178
2259
1755
0827
0614
0414
0380
0420
0128
0137
0261
0094
0332
0090
0413
0421
0128
0100
0078
0066
0249
0216
0117
0115
0196
0304
0352
0344
0337
0289
0263
0193
0045
0164
0204
0069
0027
0044
0095
0167
0167
0054
0150
0299
0572
0350
0176
0236
0025
0085
0091
0169
0210
0151
0112
0049
0188
0192
0074
0091
0042
0037
0097
0076
0097
0037
0042
0091
0074
0192
0188
0049
0112
0151
0210
0169
0091
0085
0025
0236
0176
0350
0572
0299
0150
0054
0167
0167
0095
0044
0027
0069
0204
0164
0045
0193
0263
0289
0337
0344
0352
0304
0196
0115
0117
0216
0249
0066
0078
0100
0128
0421
0413
0090
0332
0094
0261
0137
0128
0420
0380
0414
0614
0827
1755
2259
0178
0236
1211
1495
1245
0882
0110
0169
0199
0324
0154
0095
0219
0125
0251
0061
0410
0393
0150
0078
0071
0110
0227
0206
0136
0132
0181
0345
0348
0303
0302
0252
0266
0181
0023
0145
0173
0102
0011
0076
0130
0182
0158
0032
0096
0266
0504
0365
0169
0139
0080
0009
0096
0161
0264
0129
0040
0069
0106
0177
0070
0088
0021
0030
0108
0092
0108
0030
0021
0088
0070
0177
0106
0069
0040
0129
0264
0161
0096
0009
0080
0139
0169
0365
0504
0266
0096
0032
0158
0182
0130
0076
0011
0102
0173
0145
0023
0181
0266
0252
0302
0303
0348
0345
0181
0132
0136
0206
0227
0110
0071
0078
0150
0393
0410
0061
0251
0125
0219
0095
0154
0324
0199
0169
0110
0882
1245
1495
1211
0155
0927
1516
1364
0900
0630
0529
0319
0582
0254
0127
0338
0320
0156
0416
0389
0209
0128
0107
0216
0298
0109
0147
0066
0195
0082
0392
0356
0199
0241
0284
0322
0197
0042
0159
0253
0257
0131
0049
0152
0177
0077
0081
0238
0176
0561
0489
0294
0228
0138
0107
0138
0119
0200
0143
0123
0017
0081
0028
0100
0119
0113
0093
0122
0034
0122
0093
0113
0119
0100
0028
0081
0017
0123
0143
0200
0119
0138
0107
0138
0228
0294
0489
0561
0176
0238
0081
0077
0177
0152
0049
0131
0257
0253
0159
0042
0197
0322
0284
0241
0199
0356
0392
0082
0195
0066
0147
0109
0298
0216
0107
0128
0209
0389
0416
0156
0320
0338
0127
0254
0582
0319
0529
0630
0900
1364
1516
0927
0396
0966
1579
1393
0835
0142
0095
0158
0312
0102
0150
0233
0090
0306
0105
0430
0401
0142
0053
0050
0058
0224
0205
0095
0127
0162
0350
0340
0353
0334
0257
0291
0191
0056
0194
0201
0110
0062
0055
0147
0144
0160
0060
0097
0343
0526
0369
0110
0146
0076
0051
0045
0138
0239
0163
0069
0072
0176
0182
0051
0119
0021
0014
0078
0076
0078
0014
0021
0119
0051
0182
0176
0072
0069
0163
0239
0138
0045
0051
0076
0146
0110
0369
0526
0343
0097
0060
0160
0144
0147
0055
0062
0110
0201
0194
0056
0191
0291
0257
0334
0353
0340
0350
0162
0127
0095
0205
0224
0058
0050
0053
0142
0401
0430
0105
0306
0090
0233
0150
0102
0312
0158
0095
0142
0835
1393
1579
0966
1217
1331
0858
0893
0880
0452
0224
0067
0312
0159
0139
0221
0114
0179
0251
0378
0280
0088
0062
0063
0083
0196
0242
0087
0145
0130
0348
0319
0332
0300
0298
0299
0215
0086
0164
0170
0110
0068
0022
0084
0114
0135
0149
0196
0276
0368
0312
0221
0095
0054
0090
0039
0163
0274
0168
0062
0068
0103
0177
0087
0081
0013
0014
0066
0052
0066
0014
0013
0081
0087
0177
0103
0068
0062
0168
0274
0163
0039
0090
0054
0095
0221
0312
0368
0276
0196
0149
0135
0114
0084
0022
0068
0110
0170
0164
0086
0215
0299
0298
0300
0332
0319
0348
0130
0145
0087
0242
0196
0083
0063
0062
0088
0280
0378
0251
0179
0114
0221
0139
0159
0312
0067
0224
0452
0880
0893
0858
1331
0084
1410
1551
1060
0846
0211
0187
0196
0402
0230
0120
0225
0128
0243
0126
0365
0391
0148
0063
0056
0093
0231
0234
0094
0157
0169
0367
0338
0329
0335
0296
0256
0190
0054
0135
0187
0086
0074
0058
0118
0137
0188
0068
0115
0335
0474
0365
0179
0080
0094
0089
0065
0116
0228
0167
0082
0096
0159
0183
0066
0069
0039
0025
0072
0088
0072
0025
0039
0069
0066
0183
0159
0096
0082
0167
0228
0116
0065
0089
0094
0080
0179
0365
0474
0335
0115
0068
0188
0137
0118
0058
0074
0086
0187
0135
0054
0190
0256
0296
0335
0329
0338
0367
0169
0157
0094
0234
0231
0093
0056
0063
0148
0391
0365
0126
0243
0128
0225
0120
0230
0402
0196
0187
0211
0846
1060
1551
1410
0037
1492
1428
0920
0885
0389
0183
0122
0302
0186
0109
0134
0157
0210
0076
0396
0337
0170
0107
0073
0058
0235
0261
0117
0178
0129
0355
0310
0359
0343
0264
0251
0173
0034
0127
0162
0106
0038
0047
0132
0144
0159
0045
0128
0275
0404
0360
0171
0123
0041
0064
0067
0190
0250
0172
0028
0089
0122
0159
0036
0088
0014
0031
0087
0035
0087
0031
0014
0088
0036
0159
0122
0089
0028
0172
0250
0190
0067
0064
0041
0123
0171
0360
0404
0275
0128
0045
0159
0144
0132
0047
0038
0106
0162
0127
0034
0173
0251
0264
0343
0359
0310
0355
0129
0178
0117
0261
0235
0058
0073
0107
0170
0337
0396
0076
0210
0157
0134
0109
0186
0302
0122
0183
0389
0885
0920
1428
1492
1674
0238
2210
1680
0827
0735
0466
0450
0401
0074
0121
0252
0029
0285
0066
0447
0460
0122
0100
0085
0093
0239
0192
0177
0090
0221
0337
0391
0335
0324
0241
0311
0161
0025
0134
0223
0109
0038
0038
0094
0171
0154
0065
0103
0267
0565
0352
0237
0230
0054
0087
0075
0172
0285
0132
0082
0043
0178
0191
0091
0082
0033
0082
0108
0096
0108
0082
0033
0082
0091
0191
0178
0043
0082
0132
0285
0172
0075
0087
0054
0230
0237
0352
0565
0267
0103
0065
0154
0171
0094
0038
0038
0109
0223
0134
0025
0161
0311
0241
0324
0335
0391
0337
0221
0090
0177
0192
0239
0093
0085
0100
0122
0460
0447
0066
0285
0029
0252
0121
0074
0401
0450
0466
0735
0827
1680
2210
0238
1580
0070
2048
1678
0883
0656
0448
0405
0344
0122
0118
0226
0091
0256
0071
0430
0445
0124
0088
0091
0063
0204
0217
0138
0133
0208
0340
0355
0273
0314
0212
0244
0163
0055
0143
0262
0117
0027
0058
0105
0197
0172
0073
0082
0244
0594
0351
0222
0237
0009
0052
0127
0190
0254
0142
0061
0017
0136
0180
0091
0052
0021
0073
0156
0134
0156
0073
0021
0052
0091
0180
0136
0017
0061
0142
0254
0190
0127
0052
0009
0237
0222
0351
0594
0244
0082
0073
0172
0197
0105
0058
0027
0117
0262
0143
0055
0163
0244
0212
0314
0273
0355
0340
0208
0133
0138
0217
0204
0063
0091
0088
0124
0445
0430
0071
0256
0091
0226
0118
0122
0344
0405
0448
0656
0883
1678
2048
0070
1561
0695
0339
1300
0951
0626
1092
1521
0924
0217
0361
0272
0285
0198
0623
0304
0192
0204
0138
0013
0184
0040
0091
0165
0189
0247
0188
0229
0161
0254
0086
0142
0058
0068
0060
0096
0177
0012
0170
0114
0058
0111
0092
0037
0037
0248
0265
0265
0209
0104
0080
0099
0102
0202
0140
0257
0198
0224
0156
0139
0143
0116
0085
0054
0091
0054
0085
0116
0143
0139
0156
0224
0198
0257
0140
0202
0102
0099
0080
0104
0209
0265
0265
0248
0037
0037
0092
0111
0058
0114
0170
0012
0177
0096
0060
0068
0058
0142
0086
0254
0161
0229
0188
0247
0189
0165
0091
0040
0184
0013
0138
0204
0192
0304
0623
0198
0285
0272
0361
0217
0924
1521
1092
0626
0951
1300
0339
0695
1698
0457
2455
1742
0792
0797
0441
0545
0374
0064
0040
0272
0016
0369
0074
0450
0425
0136
0084
0072
0079
0195
0254
0126
0105
0221
0363
0377
0334
0323
0244
0291
0172
0026
0136
0275
0072
0009
0035
0105
0154
0248
0046
0184
0226
0625
0367
0274
0252
0079
0084
0060
0182
0227
0110
0119
0024
0237
0162
0112
0058
0006
0072
0130
0021
0130
0072
0006
0058
0112
0162
0237
0024
0119
0110
0227
0182
0060
0084
0079
0252
0274
0367
0625
0226
0184
0046
0248
0154
0105
0035
0009
0072
0275
0136
0026
0172
0291
0244
0323
0334
0377
0363
0221
0105
0126
0254
0195
0079
0072
0084
0136
0425
0450
0074
0369
0016
0272
0040
0064
0374
0545
0441
0797
0792
1742
2455
0457
1795
0248
2241
1732
0798
0787
0413
0542
0396
0018
0014
0197
0041
0307
0046
0469
0396
0131
0107
0077
0053
0220
0230
0134
0120
0212
0314
0381
0298
0364
0219
0259
0158
0064
0141
0283
0088
0055
0042
0112
0188
0197
0099
0148
0235
0592
0335
0235
0246
0016
0035
0126
0189
0251
0087
0076
0012
0157
0175
0140
0070
0039
0072
0162
0074
0162
0072
0039
0070
0140
0175
0157
0012
0076
0087
0251
0189
0126
0035
0016
0246
0235
0335
0592
0235
0148
0099
0197
0188
0112
0042
0055
0088
0283
0141
0064
0158
0259
0219
0364
0298
0381
0314
0212
0120
0134
0230
0220
0053
0077
0107
0131
0396
0469
0046
0307
0041
0197
0014
0018
0396
0542
0413
0787
0798
1732
2241
0248
