0118
0154
0228
0145
0511
0312
0278
0355
0101
0243
0189
0088
0147
0266
0275
0194
0201
0220
0176
0153
0189
0213
0344
0335
0261
0167
0112
0103
0205
0623
0737
0488
0250
0071
0232
0105
0174
0213
0195
0346
1203
1599
0335
0755
0795
0186
0009
0137
0090
0046
0069
0132
0143
0287
0547
0717
0552
0178
0116
0184
0266
0237
0182
0156
0212
0156
0182
0237
0266
0184
0116
0178
0552
0717
0547
0287
0143
0132
0069
0046
0090
0137
0009
0186
0795
0755
0335
1599
1203
0346
0195
0213
0174
0105
0232
0071
0250
0488
0737
0623
0205
0103
0112
0167
0261
0335
0344
0213
0189
0153
0176
0220
0201
0194
0275
0266
0147
0088
0189
0243
0101
0355
0278
0312
0511
0145
0228
0154
0482
0563
0759
0426
0640
0302
0195
0233
0138
0055
0099
0168
0121
0018
0102
0055
0173
0039
0138
0139
0493
0297
0127
0045
0167
0109
0150
0071
0074
0333
0032
0094
0149
0297
0090
0081
0229
0233
0238
0162
2322
3134
0384
0852
0852
0036
0375
0195
0220
0210
0429
0408
0193
0319
0303
0182
0089
0124
0174
0064
0072
0149
0162
0064
0075
0064
0162
0149
0072
0064
0174
0124
0089
0182
0303
0319
0193
0408
0429
0210
0220
0195
0375
0036
0852
0852
0384
3134
2322
0162
0238
0233
0229
0081
0090
0297
0149
0094
0032
0333
0074
0071
0150
0109
0167
0045
0127
0297
0493
0139
0138
0039
0173
0055
0102
0018
0121
0168
0099
0055
0138
0233
0195
0302
0640
0426
0759
0563
0586
0630
0657
0305
0712
0416
0159
0208
0161
0061
0095
0194
0117
0031
0054
0057
0147
0064
0073
0045
0303
0234
0180
0136
0131
0051
0091
0046
0199
0280
0041
0048
0121
0172
0109
0084
0196
0181
0120
0529
1921
2424
0945
0407
0580
0173
0244
0192
0055
0067
0249
0271
0296
0391
0321
0199
0155
0148
0147
0035
0088
0128
0191
0063
0125
0063
0191
0128
0088
0035
0147
0148
0155
0199
0321
0391
0296
0271
0249
0067
0055
0192
0244
0173
0580
0407
0945
2424
1921
0529
0120
0181
0196
0084
0109
0172
0121
0048
0041
0280
0199
0046
0091
0051
0131
0136
0180
0234
0303
0045
0073
0064
0147
0057
0054
0031
0117
0194
0095
0061
0161
0208
0159
0416
0712
0305
0657
0630
0072
0455
0680
0546
0063
0171
0019
0103
0079
0166
0091
0093
0070
0025
0135
0029
0102
0076
0105
0113
0608
0460
0069
0053
0115
0213
0248
0161
0160
0164
0396
0260
0139
0080
0130
0102
0022
0235
0183
0323
2218
3352
0304
1054
1224
0231
0263
0262
0485
0226
0501
0453
0095
0222
0413
0541
0377
0146
0008
0119
0238
0052
0126
0057
0014
0057
0126
0052
0238
0119
0008
0146
0377
0541
0413
0222
0095
0453
0501
0226
0485
0262
0263
0231
1224
1054
0304
3352
2218
0323
0183
0235
0022
0102
0130
0080
0139
0260
0396
0164
0160
0161
0248
0213
0115
0053
0069
0460
0608
0113
0105
0076
0102
0029
0135
0025
0070
0093
0091
0166
0079
0103
0019
0171
0063
0546
0680
0455
0062
0461
0302
0058
0710
0228
0244
0055
0157
0113
0125
0130
0229
0157
0025
0175
0219
0107
0108
0120
0128
0025
0080
0153
0030
0123
0091
0200
0142
0289
0923
0505
0172
0356
0238
0254
0279
0288
0365
0028
0768
2609
0358
1424
0835
0341
0030
0153
0099
0216
0210
0311
0184
0273
0376
0910
0223
0071
0107
0153
0160
0220
0227
0091
0000
0091
0227
0220
0160
0153
0107
0071
0223
0910
0376
0273
0184
0311
0210
0216
0099
0153
0030
0341
0835
1424
0358
2609
0768
0028
0365
0288
0279
0254
0238
0356
0172
0505
0923
0289
0142
0200
0091
0123
0030
0153
0080
0025
0128
0120
0108
0107
0219
0175
0025
0157
0229
0130
0125
0113
0157
0055
0244
0228
0710
0058
0302
0461
0472
0510
0743
0384
0609
0307
0239
0233
0135
0068
0104
0164
0147
0015
0062
0050
0138
0034
0106
0123
0480
0316
0137
0061
0149
0094
0136
0073
0085
0345
0047
0068
0178
0295
0036
0087
0223
0193
0225
0125
2231
2925
0430
0845
0802
0085
0372
0192
0196
0228
0424
0429
0199
0343
0327
0179
0067
0112
0163
0052
0062
0171
0158
0035
0096
0035
0158
0171
0062
0052
0163
0112
0067
0179
0327
0343
0199
0429
0424
0228
0196
0192
0372
0085
0802
0845
0430
2925
2231
0125
0225
0193
0223
0087
0036
0295
0178
0068
0047
0345
0085
0073
0136
0094
0149
0061
0137
0316
0480
0123
0106
0034
0138
0050
0062
0015
0147
0164
0104
0068
0135
0233
0239
0307
0609
0384
0743
0510
0006
0234
0213
0174
0519
0343
0200
0284
0114
0243
0152
0078
0152
0268
0278
0229
0160
0149
0136
0173
0241
0227
0339
0318
0228
0112
0099
0063
0163
0593
0721
0485
0216
0072
0191
0143
0149
0101
0202
0408
1080
1400
0459
0580
0664
0143
0124
0051
0125
0110
0106
0159
0158
0264
0466
0604
0497
0265
0098
0155
0283
0252
0177
0143
0182
0143
0177
0252
0283
0155
0098
0265
0497
0604
0466
0264
0158
0159
0106
0110
0125
0051
0124
0143
0664
0580
0459
1400
1080
0408
0202
0101
0149
0143
0191
0072
0216
0485
0721
0593
0163
0063
0099
0112
0228
0318
0339
0227
0241
0173
0136
0149
0160
0229
0278
0268
0152
0078
0152
0243
0114
0284
0200
0343
0519
0174
0213
0234
0062
0356
0628
0548
0052
0185
0044
0096
0120
0166
0084
0077
0092
0039
0136
0061
0041
0022
0078
0109
0596
0407
0049
0034
0131
0171
0248
0173
0164
0127
0412
0206
0136
0111
0112
0036
0022
0216
0212
0362
2089
3293
0283
1067
1148
0242
0266
0257
0498
0200
0514
0483
0053
0127
0383
0493
0334
0143
0051
0065
0235
0063
0120
0046
0069
0046
0120
0063
0235
0065
0051
0143
0334
0493
0383
0127
0053
0483
0514
0200
0498
0257
0266
0242
1148
1067
0283
3293
2089
0362
0212
0216
0022
0036
0112
0111
0136
0206
0412
0127
0164
0173
0248
0171
0131
0034
0049
0407
0596
0109
0078
0022
0041
0061
0136
0039
0092
0077
0084
0166
0120
0096
0044
0185
0052
0548
0628
0356
0054
0369
0437
0466
0138
0133
0043
0084
0184
0134
0123
0048
0083
0111
0103
0057
0036
0085
0052
0127
0388
0346
0148
0061
0148
0204
0202
0179
0105
0240
0416
0228
0134
0028
0043
0029
0076
0188
0203
0493
1894
2493
0609
0478
0894
0495
0164
0234
0370
0292
0476
0425
0150
0250
0353
0459
0368
0141
0070
0029
0226
0101
0049
0060
0057
0060
0049
0101
0226
0029
0070
0141
0368
0459
0353
0250
0150
0425
0476
0292
0370
0234
0164
0495
0894
0478
0609
2493
1894
0493
0203
0188
0076
0029
0043
0028
0134
0228
0416
0240
0105
0179
0202
0204
0148
0061
0148
0346
0388
0127
0052
0085
0036
0057
0103
0111
0083
0048
0123
0134
0184
0084
0043
0133
0138
0466
0437
0369
0088
0057
0051
0081
0011
0111
0094
0082
0154
0072
0152
0138
0131
0151
0046
0137
0038
0088
0057
0077
0063
0035
0041
0044
0078
0076
0104
0084
0098
0133
0089
0138
0098
0088
0098
0033
0086
0056
0034
0077
0030
0076
0095
0042
0093
0097
0085
0110
0083
0090
0117
0071
0086
0076
0052
0081
0027
0046
0048
0023
0085
0107
0067
0130
