0108
0012
0070
0079
0033
0050
0042
0101
0068
0079
0089
0075
0008
0049
0061
0038
0111
0038
0141
0116
0086
0138
0171
0155
0144
0132
0178
0171
0188
0225
0146
0131
0108
0154
0104
0101
0082
0066
0069
0070
0037
0047
0091
0134
0067
0067
0082
0092
0078
0120
0113
0042
0075
0056
0028
0036
0033
0038
0051
0018
0043
0071
0046
0049
0102
0049
0046
0071
0043
0018
0051
0038
0033
0036
0028
0056
0075
0042
0113
0120
0078
0092
0082
0067
0067
0134
0091
0047
0037
0070
0069
0066
0082
0101
0104
0154
0108
0131
0146
0225
0188
0171
0178
0132
0144
0155
0171
0138
0086
0116
0141
0038
0111
0038
0061
0049
0008
0075
0089
0079
0068
0101
0042
0050
0033
0079
0070
0012
0139
0284
0231
0375
0160
0115
0364
0218
0114
0723
3013
1147
0396
0276
0122
0094
0132
0250
0283
0151
0304
0372
0423
0233
0369
0275
0072
0089
0046
0082
0122
0189
0116
0101
0136
0039
0156
0084
0048
0096
0149
0137
0175
0155
0102
0472
0400
0483
0594
0696
0104
0115
0154
0081
0060
0158
0100
0192
0180
1080
0657
0191
0133
0180
0110
0180
0133
0191
0657
1080
0180
0192
0100
0158
0060
0081
0154
0115
0104
0696
0594
0483
0400
0472
0102
0155
0175
0137
0149
0096
0048
0084
0156
0039
0136
0101
0116
0189
0122
0082
0046
0089
0072
0275
0369
0233
0423
0372
0304
0151
0283
0250
0132
0094
0122
0276
0396
1147
3013
0723
0114
0218
0364
0115
0160
0375
0231
0284
0290
0247
0219
0352
0189
0130
0297
0283
0174
0551
3210
1129
0436
0200
0059
0041
0094
0280
0332
0198
0280
0387
0433
0274
0378
0283
0114
0092
0062
0093
0123
0131
0119
0119
0109
0024
0150
0111
0026
0147
0103
0111
0181
0171
0143
0450
0475
0479
0605
0651
0106
0066
0214
0070
0020
0167
0121
0097
0190
1187
0706
0188
0133
0202
0214
0202
0133
0188
0706
1187
0190
0097
0121
0167
0020
0070
0214
0066
0106
0651
0605
0479
0475
0450
0143
0171
0181
0111
0103
0147
0026
0111
0150
0024
0109
0119
0119
0131
0123
0093
0062
0092
0114
0283
0378
0274
0433
0387
0280
0198
0332
0280
0094
0041
0059
0200
0436
1129
3210
0551
0174
0283
0297
0130
0189
0352
0219
0247
0189
0253
0222
0378
0195
0151
0344
0231
0351
0971
2436
1097
0205
0242
0070
0058
0106
0330
0291
0168
0273
0432
0478
0242
0310
0313
0192
0070
0076
0048
0095
0183
0101
0120
0074
0068
0137
0086
0034
0112
0099
0085
0171
0144
0091
0276
0407
0563
0615
0551
0130
0146
0149
0101
0060
0142
0075
0133
0406
0960
0573
0068
0143
0220
0205
0220
0143
0068
0573
0960
0406
0133
0075
0142
0060
0101
0149
0146
0130
0551
0615
0563
0407
0276
0091
0144
0171
0085
0099
0112
0034
0086
0137
0068
0074
0120
0101
0183
0095
0048
0076
0070
0192
0313
0310
0242
0478
0432
0273
0168
0291
0330
0106
0058
0070
0242
0205
1097
2436
0971
0351
0231
0344
0151
0195
0378
0222
0253
0348
0109
0136
0228
0212
0071
0169
0245
0313
0366
3853
0779
0049
0499
0288
0232
0171
0396
0372
0200
0270
0461
0322
0381
0387
0292
0155
0060
0086
0055
0177
0186
0125
0187
0106
0028
0153
0126
0020
0142
0108
0088
0174
0197
0034
0511
0539
0449
0423
0807
0197
0118
0243
0116
0131
0111
0148
0211
0503
1305
0689
0068
0059
0199
0106
0199
0059
0068
0689
1305
0503
0211
0148
0111
0131
0116
0243
0118
0197
0807
0423
0449
0539
0511
0034
0197
0174
0088
0108
0142
0020
0126
0153
0028
0106
0187
0125
0186
0177
0055
0086
0060
0155
0292
0387
0381
0322
0461
0270
0200
0372
0396
0171
0232
0288
0499
0049
0779
3853
0366
0313
0245
0169
0071
0212
0228
0136
0109
0083
0145
0106
0217
0351
0396
0301
0295
0391
1797
1685
0661
0326
0045
0067
0152
0038
0271
0424
0254
0234
0425
0249
0046
0223
0179
0154
0031
0099
0110
0037
0046
0099
0020
0052
0028
0053
0073
0158
0141
0105
0033
0114
0228
0249
0148
0352
0515
0296
0045
0254
0405
0243
0180
0009
0109
0085
0229
0494
0728
0472
0067
0185
0131
0147
0131
0185
0067
0472
0728
0494
0229
0085
0109
0009
0180
0243
0405
0254
0045
0296
0515
0352
0148
0249
0228
0114
0033
0105
0141
0158
0073
0053
0028
0052
0020
0099
0046
0037
0110
0099
0031
0154
0179
0223
0046
0249
0425
0234
0254
0424
0271
0038
0152
0067
0045
0326
0661
1685
1797
0391
0295
0301
0396
0351
0217
0106
0145
0089
0209
0252
0351
0140
0164
0254
0328
0330
1132
1905
1082
0192
0144
0071
0056
0066
0228
0387
0105
0271
0454
0368
0129
0256
0287
0139
0085
0068
0100
0073
0122
0122
0051
0078
0098
0097
0055
0096
0117
0066
0072
0191
0164
0038
0272
0306
0484
0755
0605
0197
0196
0207
0056
0093
0151
0115
0161
0467
0706
0445
0088
0157
0205
0161
0205
0157
0088
0445
0706
0467
0161
0115
0151
0093
0056
0207
0196
0197
0605
0755
0484
0306
0272
0038
0164
0191
0072
0066
0117
0096
0055
0097
0098
0078
0051
0122
0122
0073
0100
0068
0085
0139
0287
0256
0129
0368
0454
0271
0105
0387
0228
0066
0056
0071
0144
0192
1082
1905
1132
0330
0328
0254
0164
0140
0351
0252
0209
0065
0232
0210
0322
0149
0245
0300
0341
0216
1119
1555
1031
0415
0115
0096
0099
0062
0240
0356
0116
0294
0457
0426
0042
0193
0212
0144
0099
0091
0097
0100
0133
0075
0052
0128
0116
0029
0054
0097
0120
0096
0138
0194
0136
0023
0155
0267
0491
0655
0540
0248
0219
0229
0150
0016
0154
0038
0191
0468
0565
0320
0006
0181
0184
0159
0184
0181
0006
0320
0565
0468
0191
0038
0154
0016
0150
0229
0219
0248
0540
0655
0491
0267
0155
0023
0136
0194
0138
0096
0120
0097
0054
0029
0116
0128
0052
0075
0133
0100
0097
0091
0099
0144
0212
0193
0042
0426
0457
0294
0116
0356
0240
0062
0099
0096
0115
0415
1031
1555
1119
0216
0341
0300
0245
0149
0322
0210
0232
0007
0176
0201
0404
0162
0216
0294
0204
0356
0999
2160
1100
0088
0219
0107
0054
0067
0185
0291
0151
0180
0428
0362
0115
0222
0341
0178
0058
0019
0093
0097
0205
0171
0082
0188
0091
0079
0036
0096
0117
0049
0092
0161
0233
0048
0378
0403
0310
0734
0635
0187
0136
0138
0151
0046
0183
0105
0137
0432
0784
0471
0081
0184
0159
0120
0159
0184
0081
0471
0784
0432
0137
0105
0183
0046
0151
0138
0136
0187
0635
0734
0310
0403
0378
0048
0233
0161
0092
0049
0117
0096
0036
0079
0091
0188
0082
0171
0205
0097
0093
0019
0058
0178
0341
0222
0115
0362
0428
0180
0151
0291
0185
0067
0054
0107
0219
0088
1100
2160
0999
0356
0204
0294
0216
0162
0404
0201
0176
0192
0315
0259
0348
0434
0330
0235
0190
0220
1113
1244
0707
0241
0181
0203
0148
0176
0196
0166
0050
0048
0046
0012
0053
0093
0197
0212
0068
0147
0174
0265
0314
0138
0101
0213
0284
0363
0355
0267
0147
0127
0159
0088
0097
0141
0236
0544
0776
0510
0477
0514
0165
0242
0268
0191
0083
0073
0179
0488
0642
0455
0177
0078
0144
0177
0144
0078
0177
0455
0642
0488
0179
0073
0083
0191
0268
0242
0165
0514
0477
0510
0776
0544
0236
0141
0097
0088
0159
0127
0147
0267
0355
0363
0284
0213
0101
0138
0314
0265
0174
0147
0068
0212
0197
0093
0053
0012
0046
0048
0050
0166
0196
0176
0148
0203
0181
0241
0707
1244
1113
0220
0190
0235
0330
0434
0348
0259
0315
0064
0214
0217
0338
0116
0169
0282
0330
0350
1092
1839
1015
0227
0131
0060
0079
0032
0242
0372
0103
0282
0467
0367
0098
0240
0290
0175
0067
0057
0067
0104
0130
0126
0078
0104
0089
0110
0055
0075
0104
0051
0071
0152
0164
0012
0271
0364
0466
0693
0572
0156
0158
0196
0056
0072
0130
0056
0150
0439
0698
0397
0078
0138
0202
0186
0202
0138
0078
0397
0698
0439
0150
0056
0130
0072
0056
0196
0158
0156
0572
0693
0466
0364
0271
0012
0164
0152
0071
0051
0104
0075
0055
0110
0089
0104
0078
0126
0130
0104
0067
0057
0067
0175
0290
0240
0098
0367
0467
0282
0103
0372
0242
0032
0079
0060
0131
0227
1015
1839
1092
0350
0330
0282
0169
0116
0338
0217
0214
0003
0181
0238
0474
0615
0281
0142
0256
0394
0977
1985
0469
0148
0316
0054
0122
0182
0113
0241
0064
0114
0110
0030
0128
0256
0277
0165
0157
0189
0148
0321
0344
0077
0047
0283
0326
0173
0259
0250
0121
0136
0232
0085
0089
0192
0219
0363
0449
0508
0204
0643
0050
0064
0348
0165
0191
0279
0312
0121
1193
0637
0056
0178
0270
0075
0270
0178
0056
0637
1193
0121
0312
0279
0191
0165
0348
0064
0050
0643
0204
0508
0449
0363
0219
0192
0089
0085
0232
0136
0121
0250
0259
0173
0326
0283
0047
0077
0344
0321
0148
0189
0157
0165
0277
0256
0128
0030
0110
0114
0064
0241
0113
0182
0122
0054
0316
0148
0469
1985
0977
0394
0256
0142
0281
0615
0474
0238
0181
