0062
0132
0133
0118
0078
0038
0043
0026
0177
0178
0157
0166
0147
0083
0029
0066
0028
0073
0050
0072
0061
0094
0092
0078
0093
0055
0105
0102
0090
0069
0040
0074
0005
0057
0069
0062
0117
0146
0173
0143
0144
0133
0098
0083
0102
0140
0185
0243
0249
0305
0190
0141
0126
0066
0046
0105
0158
0225
0289
0322
0254
0213
0193
0055
0017
0055
0193
0213
0254
0322
0289
0225
0158
0105
0046
0066
0126
0141
0190
0305
0249
0243
0185
0140
0102
0083
0098
0133
0144
0143
0173
0146
0117
0062
0069
0057
0004
0074
0040
0069
0090
0102
0105
0055
0093
0078
0092
0094
0061
0072
0050
0073
0028
0066
0029
0083
0147
0166
0157
0178
0177
0026
0043
0038
0078
0118
0133
0132
0099
0082
0071
0115
0084
0079
0045
0108
0096
0092
0061
0062
0067
0075
0043
0050
0075
0091
0039
0044
0062
0081
0078
0095
0098
0105
0103
0111
0115
0153
0235
0446
0542
0428
0302
0117
0096
0078
0094
0116
0096
0071
0034
0050
0009
0032
0017
0017
0043
0063
0068
0089
0078
0082
0090
0076
0125
0171
0247
0360
0365
0235
0252
0993
1340
0993
0252
0235
0365
0360
0247
0171
0125
0076
0090
0082
0078
0089
0068
0063
0043
0017
0017
0032
0009
0050
0034
0071
0096
0116
0094
0078
0096
0117
0302
0428
0542
0446
0235
0153
0115
0111
0103
0105
0098
0095
0078
0081
0062
0044
0039
0091
0075
0050
0043
0075
0067
0062
0061
0092
0096
0108
0045
0079
0084
0115
0071
0082
0099
0139
0075
0124
0240
0407
0571
1606
0903
0454
0361
0230
0188
0027
0127
0172
0094
0166
0086
0172
0140
0033
0035
0190
0146
0218
0118
0039
0147
0262
0266
0734
0950
1099
0431
0323
0187
0301
0507
0226
0224
0310
0202
0084
0163
0333
0236
0134
0139
0198
0053
0254
0041
0181
0129
0176
0093
0030
0281
0611
0186
1218
0423
2369
1192
2369
0423
1218
0186
0611
0281
0030
0093
0176
0129
0181
0041
0254
0053
0198
0139
0134
0236
0333
0163
0084
0202
0310
0224
0226
0507
0301
0187
0323
0431
1099
0950
0734
0266
0262
0147
0039
0118
0218
0146
0190
0035
0033
0140
0172
0086
0166
0094
0172
0127
0027
0188
0230
0361
0454
0903
1606
0571
0407
0240
0124
0075
0139
0182
0026
0081
0230
0303
0203
0299
0948
1260
0390
0334
0248
0183
0071
0123
0071
0059
0118
0044
0101
0109
0077
0096
0111
0054
0019
0023
0074
0103
0184
0345
0711
0992
0580
0099
0356
0235
0231
0305
0316
0257
0264
0098
0097
0073
0235
0178
0147
0221
0209
0103
0098
0201
0063
0141
0166
0147
0184
0261
0133
0437
0842
0417
1383
0056
1383
0417
0842
0437
0133
0261
0184
0147
0166
0141
0063
0201
0098
0103
0209
0221
0147
0178
0235
0073
0097
0098
0264
0257
0316
0305
0231
0235
0356
0099
0580
0992
0711
0345
0184
0103
0074
0023
0019
0054
0111
0096
0077
0109
0101
0044
0118
0059
0071
0123
0071
0183
0248
0334
0390
1260
0948
0299
0203
0303
0230
0081
0026
0186
0091
0049
0240
0204
0384
0484
1421
1078
0428
0412
0155
0175
0039
0186
0135
0061
0186
0066
0166
0081
0085
0096
0182
0101
0179
0088
0071
0199
0256
0311
0678
1058
1004
0366
0405
0150
0284
0512
0305
0153
0302
0110
0124
0178
0352
0256
0123
0177
0200
0097
0249
0080
0171
0102
0146
0129
0224
0145
0502
0170
0939
0319
2394
1336
2394
0319
0939
0170
0502
0145
0224
0129
0146
0102
0171
0080
0249
0097
0200
0177
0123
0256
0352
0178
0124
0110
0302
0153
0305
0512
0284
0150
0405
0366
1004
1058
0678
0311
0256
0199
0071
0088
0179
0101
0182
0096
0085
0081
0166
0066
0186
0061
0135
0186
0039
0175
0155
0412
0428
1078
1421
0484
0384
0204
0240
0049
0091
0051
0136
0046
0256
0103
0132
0608
1073
0388
0190
0062
0125
0184
0027
0001
0088
0035
0027
0060
0090
0183
0198
0078
0171
0280
0241
0139
0073
0031
0135
0401
0431
1522
2250
0718
0506
0027
0207
0183
0054
0053
0197
0161
0259
0071
0168
0201
0038
0051
0066
0148
0232
0292
0106
0194
0146
0155
0206
0355
0109
0823
0414
0529
1508
2435
1508
0529
0414
0823
0109
0355
0206
0155
0146
0194
0106
0292
0232
0148
0066
0051
0038
0201
0168
0071
0259
0161
0197
0053
0054
0183
0207
0027
0506
0718
2250
1522
0431
0401
0135
0031
0073
0139
0241
0280
0171
0077
0198
0183
0090
0060
0027
0035
0088
0001
0027
0184
0125
0062
0190
0388
1073
0608
0132
0103
0256
0046
0136
0026
0084
0083
0141
0233
0073
0539
1007
0490
0135
0041
0154
0162
0038
0036
0078
0008
0035
0043
0091
0163
0220
0076
0183
0259
0237
0140
0048
0018
0157
0430
0198
1351
2027
0869
0441
0089
0197
0149
0044
0044
0207
0156
0234
0062
0176
0177
0078
0053
0054
0146
0234
0233
0137
0153
0188
0141
0222
0294
0240
0532
0160
0359
1382
2471
1382
0359
0160
0532
0240
0294
0222
0141
0188
0153
0137
0233
0234
0146
0054
0053
0078
0177
0176
0062
0234
0156
0207
0044
0044
0149
0197
0089
0441
0869
2027
1351
0198
0430
0157
0018
0048
0140
0237
0259
0183
0076
0220
0163
0091
0043
0035
0008
0078
0036
0038
0162
0154
0041
0135
0490
1007
0539
0073
0233
0141
0083
0084
0147
0069
0039
0247
0239
0390
0377
1374
1111
0396
0405
0083
0188
0061
0131
0079
0108
0180
0081
0115
0124
0048
0100
0116
0109
0153
0084
0144
0140
0224
0347
0685
1011
0925
0422
0412
0192
0270
0475
0361
0159
0263
0158
0054
0149
0319
0223
0102
0170
0093
0146
0246
0139
0149
0146
0190
0155
0261
0189
0457
0220
0796
0399
2245
1393
2245
0399
0796
0220
0457
0189
0261
0155
0190
0146
0149
0139
0246
0146
0093
0170
0102
0223
0319
0149
0054
0158
0263
0159
0361
0475
0270
0192
0412
0422
0925
1011
0685
0347
0224
0140
0144
0084
0153
0109
0116
0100
0048
0124
0115
0081
0180
0108
0079
0131
0061
0188
0083
0405
0396
1111
1374
0377
0390
0239
0247
0039
0069
0029
0117
0052
0189
0189
0064
0535
1028
0387
0131
0028
0138
0152
0044
0055
0082
0021
0029
0051
0083
0198
0201
0094
0153
0221
0249
0104
0041
0012
0067
0468
0282
1421
2124
0713
0519
0048
0162
0155
0076
0034
0192
0208
0218
0095
0178
0183
0046
0077
0041
0168
0196
0241
0153
0134
0180
0147
0229
0266
0255
0683
0286
0430
1369
2482
1369
0430
0286
0683
0255
0266
0229
0147
0180
0134
0153
0241
0196
0168
0041
0077
0046
0183
0178
0095
0218
0208
0192
0034
0076
0155
0162
0048
0519
0713
2124
1421
0282
0468
0067
0012
0041
0104
0249
0221
0153
0094
0201
0198
0083
0051
0029
0021
0082
0055
0044
0152
0138
0028
0131
0387
1028
0535
0064
0189
0189
0052
0117
0038
0099
0056
0206
0190
0090
0533
1040
0409
0161
0046
0135
0142
0065
0024
0077
0023
0023
0039
0091
0192
0219
0067
0160
0257
0245
0094
0045
0041
0123
0458
0283
1396
2144
0751
0468
0069
0193
0153
0059
0043
0168
0178
0263
0044
0196
0180
0062
0015
0025
0140
0183
0232
0111
0177
0177
0154
0255
0242
0233
0591
0276
0393
1377
2456
1377
0393
0276
0591
0233
0242
0255
0154
0177
0177
0111
0232
0183
0140
0025
0015
0062
0180
0196
0044
0263
0178
0168
0043
0059
0153
0193
0069
0468
0751
2143
1396
0283
0458
0123
0041
0045
0094
0245
0257
0160
0067
0219
0192
0091
0039
0023
0023
0077
0024
0065
0142
0135
0046
0161
0409
1040
0533
0090
0190
0206
0056
0099
0166
0102
0109
0174
0287
0336
0555
1604
0827
0500
0347
0195
0192
0028
0148
0115
0116
0174
0067
0173
0148
0026
0084
0179
0135
0191
0092
0058
0179
0242
0308
0810
0826
1152
0519
0337
0175
0254
0481
0294
0182
0270
0140
0067
0149
0369
0259
0122
0159
0130
0076
0245
0067
0145
0088
0165
0171
0061
0368
0621
0216
1235
0597
2190
1023
2190
0597
1235
0216
0621
0368
0061
0171
0165
0088
0145
0067
0245
0076
0130
0159
0122
0259
0369
0149
0067
0140
0270
0182
0294
0481
0254
0175
0337
0519
1152
0826
0810
0308
0242
0179
0058
0092
0191
0135
0179
0084
0026
0148
0173
0067
0174
0116
0115
0148
0028
0192
0195
0347
0500
0827
1604
0555
0336
0287
0174
0109
0102
