0038
0023
0139
0075
0043
0149
0048
0211
0032
0025
0091
0302
0276
0548
0238
0037
0086
0219
0114
0129
0067
0188
0445
0490
0453
0297
0417
2063
0585
0261
0166
0197
0063
0048
0162
0117
0165
0158
0074
0256
0105
0126
0069
0114
0142
0747
0209
0153
0078
0427
0164
0248
0392
0891
0352
0966
0486
0508
0136
0479
0204
0444
0273
0177
0095
0177
0273
0444
0204
0479
0136
0508
0486
0966
0352
0891
0392
0248
0164
0427
0078
0153
0209
0747
0142
0114
0069
0126
0105
0256
0074
0158
0165
0117
0162
0048
0063
0197
0166
0261
0585
2063
0417
0297
0453
0490
0445
0188
0067
0129
0114
0219
0086
0037
0238
0548
0276
0302
0091
0025
0032
0211
0048
0149
0043
0075
0139
0023
0112
0058
0071
0056
0137
0104
0149
0173
0050
0043
0182
0278
0556
0449
0372
0252
0217
0186
0131
0112
0438
0322
0256
0590
0742
0456
0713
2118
0442
0215
0087
0160
0138
0255
0049
0033
0146
0175
0126
0067
0043
0114
0105
0156
0274
0562
0258
0118
0080
0475
0398
0229
0284
0893
0131
1014
0423
0704
0254
0561
0324
0534
0223
0263
0341
0263
0223
0534
0324
0561
0254
0704
0423
1014
0131
0893
0284
0229
0398
0475
0080
0118
0258
0562
0274
0156
0105
0114
0043
0067
0126
0175
0146
0033
0049
0255
0138
0160
0087
0215
0442
2118
0713
0456
0742
0590
0256
0322
0438
0112
0131
0186
0217
0252
0372
0449
0556
0278
0182
0043
0050
0173
0149
0104
0137
0056
0071
0058
0052
0073
0072
0050
0139
0109
0112
0054
0192
0156
0028
0145
0652
0745
0142
0091
0118
0091
0143
0167
0194
0114
0329
0341
0501
0422
0670
2211
0484
0401
0256
0226
0204
0361
0312
0199
0285
0153
0077
0200
0352
0170
0110
0085
0198
0728
0481
0367
0405
0386
0141
0152
0276
0933
0214
1041
0327
0728
0175
0398
0081
0427
0146
0191
0079
0191
0146
0427
0081
0398
0175
0728
0327
1041
0214
0933
0276
0152
0141
0386
0405
0367
0481
0728
0198
0085
0110
0170
0352
0200
0077
0153
0285
0199
0312
0361
0204
0226
0256
0401
0484
2211
0670
0422
0501
0341
0329
0114
0194
0167
0143
0091
0118
0091
0142
0745
0652
0145
0028
0156
0192
0054
0112
0109
0139
0050
0072
0073
0008
0177
0108
0198
0159
0096
0261
0032
0160
0066
0201
0637
0707
0167
0087
0064
0285
0125
0274
0095
0158
0296
0247
0102
0601
0679
0302
2217
1205
0364
0136
0353
0180
0165
0139
0197
0138
0099
0202
0058
0247
0114
0196
0023
0366
0226
0153
0138
0177
0409
0170
0097
0261
0305
0337
0866
1050
0723
0143
0136
0319
0298
0267
0178
0017
0178
0267
0298
0319
0136
0143
0723
1050
0866
0337
0305
0261
0097
0170
0409
0177
0138
0153
0226
0366
0023
0196
0114
0247
0058
0202
0099
0138
0197
0139
0165
0180
0353
0136
0364
1205
2217
0302
0679
0601
0102
0247
0296
0158
0095
0274
0125
0285
0064
0087
0167
0707
0637
0201
0066
0160
0032
0261
0096
0159
0198
0108
0177
0007
0079
0030
0016
0082
0065
0182
0086
0143
0130
0053
0041
0287
0101
0803
0388
0378
0154
0399
0285
0629
0233
0399
0126
0251
0773
0849
0541
0384
0263
0210
0146
0058
0108
0103
0164
0160
0140
0218
0191
0183
0094
0105
0055
0132
0098
0871
0941
0424
0249
0081
0161
0639
0138
0680
0040
0569
0212
0491
0214
0142
0128
0131
0224
0342
0224
0131
0128
0142
0214
0491
0212
0569
0040
0680
0138
0639
0161
0081
0249
0424
0941
0871
0098
0132
0055
0105
0094
0183
0191
0218
0140
0160
0164
0103
0108
0058
0146
0210
0263
0384
0541
0849
0773
0251
0126
0399
0233
0629
0285
0399
0154
0378
0388
0803
0101
0287
0041
0053
0130
0143
0086
0182
0065
0082
0016
0030
0079
0159
0057
0183
0160
0151
0211
0108
0075
0107
0050
0076
0611
0616
0196
0167
0156
0074
0201
0124
0102
0014
0110
0116
0313
0254
0709
0143
2044
1353
0305
0408
0090
0216
0032
0110
0124
0064
0113
0174
0123
0328
0136
0189
0300
0371
0265
0212
0099
0133
0494
0080
0206
0243
0314
0275
0692
0825
0376
0352
0227
0353
0418
0223
0188
0039
0188
0223
0418
0353
0227
0352
0376
0825
0692
0275
0314
0243
0206
0080
0494
0133
0099
0212
0265
0371
0300
0189
0136
0328
0123
0174
0113
0064
0124
0110
0032
0216
0090
0408
0305
1353
2044
0143
0709
0254
0313
0116
0110
0014
0102
0124
0201
0074
0156
0167
0196
0616
0611
0076
0050
0107
0075
0108
0211
0151
0160
0183
0057
0146
0212
0181
0102
0113
0129
0069
0065
0033
0058
0082
0203
0145
0174
0488
0365
0179
0156
0369
0372
0314
0027
0395
0276
0432
0949
0526
0362
0113
0222
0216
0121
0124
0114
0089
0020
0121
0068
0100
0043
0039
0077
0105
0193
0120
0401
0952
1045
0254
0338
0072
0230
0485
0536
0517
0277
0456
0375
0159
0108
0189
0225
0236
0187
0034
0187
0236
0225
0189
0108
0159
0375
0456
0277
0517
0536
0485
0230
0072
0338
0254
1045
0952
0401
0120
0193
0105
0077
0039
0043
0100
0068
0121
0020
0089
0114
0124
0121
0216
0222
0113
0362
0526
0949
0432
0276
0395
0027
0314
0372
0369
0156
0179
0365
0488
0174
0145
0203
0082
0058
0033
0065
0069
0129
0113
0102
0181
0212
0579
0351
0786
0716
1475
0511
0932
1103
0159
0385
0538
0501
0317
0244
0656
0196
0143
0220
0114
0123
0104
0070
0065
0086
0105
0139
0088
0061
0187
0129
0069
0055
0130
0160
0028
0094
0158
0150
0079
0056
0086
0224
0166
0034
0048
0066
0049
0050
0023
0119
0106
0018
0093
0016
0077
0043
0016
0037
0081
0186
0161
0145
0044
0104
0037
0104
0044
0145
0161
0186
0081
0037
0016
0043
0077
0016
0093
0018
0106
0119
0023
0050
0049
0066
0048
0034
0166
0224
0086
0056
0079
0150
0158
0094
0028
0160
0130
0055
0069
0129
0187
0061
0088
0139
0105
0086
0065
0070
0104
0123
0114
0220
0143
0196
0656
0244
0317
0501
0538
0385
0159
1103
0932
0511
1475
0716
0786
0351
0029
0080
0015
0016
0058
0122
0111
0206
0055
0036
0109
0135
0371
0505
0242
0082
0028
0103
0196
0182
0055
0130
0430
0662
0461
0515
0581
2008
0781
0184
0323
0305
0139
0121
0139
0043
0070
0113
0129
0200
0201
0173
0049
0040
0206
0622
0328
0120
0085
0405
0144
0135
0233
0324
0273
0670
0316
0548
0067
0345
0197
0258
0252
0262
0052
0262
0252
0258
0197
0345
0067
0548
0316
0670
0273
0324
0233
0135
0144
0405
0085
0120
0328
0622
0206
0040
0049
0173
0201
0200
0129
0113
0070
0043
0139
0121
0139
0305
0323
0184
0781
2008
0581
0515
0461
0662
0430
0130
0055
0182
0196
0103
0028
0082
0242
0505
0371
0135
0109
0036
0055
0206
0111
0122
0058
0016
0015
0080
0204
0267
0272
0175
0164
0133
0100
0096
0155
0182
0095
0205
0469
0568
0360
0173
0296
0212
0169
0072
0296
0334
0406
0687
0777
0198
0755
1654
0733
0120
0165
0107
0081
0077
0062
0158
0167
0070
0036
0084
0181
0224
0144
0218
0299
0497
0374
0230
0259
0334
0371
0234
0315
0438
0151
0440
0375
0515
0088
0418
0258
0220
0148
0279
0225
0279
0148
0220
0258
0418
0088
0515
0375
0440
0151
0438
0315
0234
0371
0334
0259
0230
0374
0497
0299
0218
0144
0224
0181
0084
0036
0070
0167
0158
0062
0077
0081
0107
0165
0120
0733
1654
0755
0198
0777
0687
0406
0334
0296
0072
0169
0212
0296
0173
0360
0568
0469
0205
0095
0182
0155
0096
0100
0133
0164
0175
0272
0267
0038
0111
0011
0027
0060
0110
0167
0151
0082
0053
0115
0223
0292
0394
0169
0028
0065
0094
0158
0154
0033
0119
0483
0623
0599
0310
0467
1497
0785
0302
0316
0317
0104
0192
0095
0086
0119
0138
0123
0155
0207
0199
0067
0027
0252
0546
0400
0115
0113
0393
0179
0173
0140
0378
0383
0469
0633
0450
0039
0259
0286
0235
0317
0240
0099
0240
0317
0235
0286
0259
0039
0450
0633
0469
0383
0378
0140
0173
0179
0393
0113
0115
0400
0546
0252
0027
0067
0199
0207
0155
0123
0138
0119
0086
0095
0192
0104
0317
0316
0302
0785
1497
0467
0310
0599
0623
0483
0119
0033
0154
0158
0094
0065
0028
0169
0394
0292
0223
0115
0053
0082
0151
0167
0110
0060
0027
0011
0111
0043
0063
0031
0046
0072
0102
0114
0183
0060
0046
0119
0219
0365
0416
0168
0046
0069
0094
0151
0152
0016
0114
0453
0654
0578
0319
0498
1548
0836
0309
0293
0338
0123
0155
0103
0091
0121
0108
0130
0175
0198
0163
0081
0066
0217
0560
0351
0127
0078
0319
0169
0205
0157
0402
0392
0461
0612
0414
0039
0290
0295
0209
0307
0209
0099
0209
0307
0209
0295
0290
0039
0414
0612
0461
0392
0402
0157
0205
0169
0319
0078
0127
0351
0560
0217
0066
0081
0163
0198
0175
0130
0108
0121
0091
0103
0155
0123
0338
0293
0309
0836
1548
0498
0319
0578
0654
0453
0114
0016
0152
0151
0094
0069
0046
0168
0416
0365
0219
0119
0046
0060
0183
0114
0102
0072
0046
0031
0063
0023
0082
0018
0068
0051
0116
0122
0183
0133
0108
0091
0194
0357
0309
0255
0025
0097
0127
0185
0132
0037
0127
0353
0627
0491
0297
0508
1533
0776
0206
0314
0312
0150
0179
0072
0042
0087
0132
0155
0193
0240
0178
0079
0020
0209
0555
0374
0123
0197
0382
0304
0149
0157
0386
0389
0446
0676
0534
0053
0267
0301
0212
0283
0198
0068
0198
0283
0212
0301
0267
0053
0534
0676
0446
0389
0386
0157
0149
0304
0382
0197
0123
0374
0555
0209
0020
0079
0178
0240
0193
0155
0132
0087
0042
0072
0179
0150
0312
0314
0206
0776
1533
0508
0297
0491
0627
0353
0127
0037
0132
0185
0127
0097
0025
0255
0309
0357
0194
0091
0108
0133
0183
0122
0116
0051
0068
0018
0082
